GSTQT8304EJ7JO	gi|301309775|ref|ZP_07215714.1|	66.67	57	19	0	173	3	112	168	4e-13	78.2
GSTQT8304EJ7JO	gi|298376455|ref|ZP_06986410.1|	66.67	57	19	0	173	3	112	168	4e-13	78.2
GSTQT8304EJ7JO	gi|262381305|ref|ZP_06074443.1|	66.67	57	19	0	173	3	112	168	4e-13	78.2
GSTQT8304EJ7JO	gi|256840701|ref|ZP_05546209.1|	66.67	57	19	0	173	3	112	168	4e-13	78.2
GSTQT8304EJ7JO	gi|255014966|ref|ZP_05287092.1|	66.67	57	19	0	173	3	112	168	4e-13	78.2
GSTQT8304EJ7JO	gi|150008120|ref|YP_001302863.1|	64.91	57	20	0	173	3	112	168	1e-12	76.3
GSTQT8304EJ7JO	gi|297159609|gb|ADI09321.1|	35.48	62	38	1	6	185	40	101	1.5	36.2
GSTQT8304EJ7JO	gi|294630905|ref|ZP_06709465.1|	35.48	62	38	1	6	185	39	100	1.5	36.2
GSTQT8304EJ7JO	gi|290958139|ref|YP_003489321.1|	35.48	62	38	1	6	185	39	100	1.5	36.2
GSTQT8304EJ7JO	gi|302558982|ref|ZP_07311324.1|	35.48	62	38	1	6	185	39	100	1.5	36.2
GSTQT8304EJ7JO	gi|239980044|ref|ZP_04702568.1|	35.48	62	38	1	6	185	39	100	1.5	36.2
GSTQT8304EJ7JO	gi|239929502|ref|ZP_04686455.1|	35.48	62	38	1	6	185	39	100	1.5	36.2
GSTQT8304EJ7JO	gi|21223094|ref|NP_628873.1|	35.48	62	38	1	6	185	39	100	1.5	36.2
GSTQT8304EJ7JO	gi|302553554|ref|ZP_07305896.1|	35.48	62	38	1	6	185	39	100	2.0	35.8
GSTQT8304EJ7JO	gi|302543349|ref|ZP_07295691.1|	35.59	59	36	1	15	185	43	101	2.0	35.8
GSTQT8304EJ7JO	gi|297201741|ref|ZP_06919138.1|	35.48	62	38	1	6	185	39	100	2.0	35.8
GSTQT8304EJ7JO	gi|254391381|ref|ZP_05006584.1|	35.48	62	38	1	6	185	39	100	2.0	35.8
GSTQT8304EJ7JO	gi|29831481|ref|NP_826115.1|	35.48	62	38	1	6	185	39	100	2.0	35.8
GSTQT8304EJ7JO	gi|307328042|ref|ZP_07607223.1|	35.59	59	36	1	15	185	43	101	2.6	35.4
GSTQT8304EJ7JO	gi|302536263|ref|ZP_07288605.1|	35.48	62	38	1	6	185	38	99	3.5	35.0
GSTQT8304EJ7JO	gi|282860822|ref|ZP_06269888.1|	33.87	62	39	1	6	185	39	100	4.5	34.7
GSTQT8304EJ7JO	gi|239943589|ref|ZP_04695526.1|	33.87	62	39	1	6	185	39	100	4.5	34.7
GSTQT8304EJ7JO	gi|226305353|ref|YP_002765311.1|	33.90	59	37	1	15	185	45	103	4.5	34.7
GSTQT8304EJ7JO	gi|297192691|ref|ZP_06910089.1|	33.87	62	39	1	6	185	39	100	4.5	34.7
GSTQT8304EJ7JO	gi|295838416|ref|ZP_06825349.1|	33.87	62	39	1	6	185	39	100	4.5	34.7
GSTQT8304EJ7JO	gi|254383160|ref|ZP_04998514.1|	35.48	62	38	1	6	185	38	99	4.5	34.7
GSTQT8304EJ7JO	gi|147676667|ref|YP_001210882.1|	33.33	51	32	1	39	185	47	97	4.5	34.7
GSTQT8304EJ7JO	gi|260453636|ref|ZP_05802040.1|	33.87	62	39	1	6	185	39	100	5.9	34.3
GSTQT8304EJ7JO	gi|182436615|ref|YP_001824334.1|	33.87	62	39	1	6	185	39	100	5.9	34.3
GSTQT8304EJ7JO	gi|83591264|ref|YP_431273.1|	32.26	62	40	1	6	185	34	95	5.9	34.3
GSTQT8304EFQI7	gi|319640009|ref|ZP_07994736.1|	98.15	54	1	0	4	165	59	112	3e-22	 108
GSTQT8304EFQI7	gi|294777411|ref|ZP_06742862.1|	98.15	54	1	0	4	165	87	140	3e-22	 108
GSTQT8304EFQI7	gi|254881003|ref|ZP_05253713.1|	98.15	54	1	0	4	165	97	150	3e-22	 108
GSTQT8304EFQI7	gi|150003767|ref|YP_001298511.1|	98.15	54	1	0	4	165	87	140	3e-22	 108
GSTQT8304EFQI7	gi|265752666|ref|ZP_06088235.1|	83.33	54	9	0	4	165	70	123	1e-17	93.2
GSTQT8304EFQI7	gi|212692542|ref|ZP_03300670.1|	83.33	54	9	0	4	165	59	112	1e-17	93.2
GSTQT8304EFQI7	gi|224536040|ref|ZP_03676579.1|	55.56	54	24	0	4	165	52	105	2e-09	65.5
GSTQT8304EFQI7	gi|189463963|ref|ZP_03012748.1|	53.70	54	25	0	4	165	87	140	2e-08	62.8
GSTQT8304EFQI7	gi|29349900|ref|NP_813403.1|	52.73	55	26	0	4	168	100	154	4e-07	58.2
GSTQT8304EFQI7	gi|253569732|ref|ZP_04847141.1|	50.91	55	27	0	4	168	85	139	1e-06	56.6
GSTQT8304EFQI7	gi|319640012|ref|ZP_07994739.1|	44.23	52	29	0	4	159	51	102	4e-04	48.1
GSTQT8304EFQI7	gi|150003766|ref|YP_001298510.1|	44.23	52	29	0	4	159	88	139	4e-04	48.1
GSTQT8304EFQI7	gi|237709139|ref|ZP_04539620.1|	42.31	52	30	0	4	159	88	139	0.002	45.8
GSTQT8304EFQI7	gi|237724379|ref|ZP_04554860.1|	42.31	52	30	0	4	159	88	139	0.002	45.8
GSTQT8304EFQI7	gi|212692540|ref|ZP_03300668.1|	42.31	52	30	0	4	159	51	102	0.002	45.8
GSTQT8304EFQI7	gi|150002885|ref|YP_001297629.1|	45.65	46	23	1	4	135	95	140	0.70	37.4
GSTQT8304EFQI7	gi|189464899|ref|ZP_03013684.1|	47.83	46	24	1	4	141	86	130	2.6	35.4
GSTQT8304EFQI7	gi|313148389|ref|ZP_07810582.1|	35.29	51	30	1	4	147	50	100	4.5	34.7
GSTQT8304EFQI7	gi|255010580|ref|ZP_05282706.1|	35.29	51	30	1	4	147	91	141	4.5	34.7
GSTQT8304EFQI7	gi|265754357|ref|ZP_06089546.1|	41.30	46	25	1	4	135	95	140	5.9	34.3
GSTQT8304EFQI7	gi|237709725|ref|ZP_04540206.1|	41.30	46	25	1	4	135	95	140	5.9	34.3
GSTQT8304EFQI7	gi|212690684|ref|ZP_03298812.1|	41.30	46	25	1	4	135	95	140	5.9	34.3
GSTQT8304EFS3C	gi|309787079|ref|ZP_07681691.1|	100.00	36	0	0	108	1	6	41	8e-15	83.6
GSTQT8304EFS3C	gi|191168128|ref|ZP_03029926.1|	94.59	37	2	0	15	125	1	37	2e-10	69.3
GSTQT8304EFS3C	gi|315616530|gb|EFU97147.1|	100.00	25	0	0	189	115	156	180	9e-06	53.5
GSTQT8304EFS3C	gi|313646851|gb|EFS11308.1|	100.00	25	0	0	189	115	156	180	9e-06	53.5
GSTQT8304EFS3C	gi|309700792|emb|CBJ00088.1|	100.00	25	0	0	189	115	156	180	9e-06	53.5
GSTQT8304EFS3C	gi|307234715|ref|ZP_07521126.1|	100.00	25	0	0	189	115	156	180	9e-06	53.5
GSTQT8304EFS3C	gi|307220028|ref|ZP_07506452.1|	100.00	25	0	0	189	115	156	180	9e-06	53.5
GSTQT8304EFS3C	gi|300820224|ref|ZP_07100376.1|	100.00	25	0	0	189	115	167	191	9e-06	53.5
GSTQT8304EFS3C	gi|260842725|ref|YP_003220503.1|	100.00	25	0	0	189	115	156	180	9e-06	53.5
GSTQT8304EFS3C	gi|110804539|ref|YP_688059.1|	100.00	25	0	0	189	115	150	174	9e-06	53.5
GSTQT8304EFS3C	gi|24111898|ref|NP_706408.1|	100.00	25	0	0	189	115	167	191	9e-06	53.5
GSTQT8304EFS3C	gi|15800267|ref|NP_286279.1|	100.00	25	0	0	189	115	167	191	9e-06	53.5
GSTQT8304EFS3C	gi|157156301|ref|YP_001461718.1|	100.00	25	0	0	189	115	156	180	9e-06	53.5
GSTQT8304EFS3C	gi|38703877|ref|NP_308619.2|	100.00	25	0	0	189	115	156	180	9e-06	53.5
GSTQT8304EFS3C	gi|291085738|ref|ZP_06353904.2|	80.00	25	5	0	189	115	188	212	0.004	44.7
GSTQT8304EFS3C	gi|237730500|ref|ZP_04560981.1|	80.00	25	5	0	189	115	183	207	0.004	44.7
GSTQT8304EFS3C	gi|27525444|emb|CAD56970.1|	80.00	25	5	0	189	115	160	184	0.004	44.7
GSTQT8304EFS3C	gi|170767819|ref|ZP_02902272.1|	83.33	24	4	0	189	118	156	179	0.006	44.3
GSTQT8304EFS3C	gi|207856021|ref|YP_002242672.1|	72.00	25	7	0	189	115	156	180	0.028	42.0
GSTQT8304EFS3C	gi|198243784|ref|YP_002214498.1|	72.00	25	7	0	189	115	161	185	0.028	42.0
GSTQT8304EFS3C	gi|168231541|ref|ZP_02656599.1|	72.00	25	7	0	189	115	161	185	0.028	42.0
GSTQT8304EFS3C	gi|119351637|gb|ABL63534.1|	72.00	25	7	0	189	115	184	208	0.028	42.0
GSTQT8304EFS3C	gi|913907|gb|AAB33536.1|	72.00	25	7	0	189	115	161	185	0.028	42.0
GSTQT8304EFS3C	gi|168261014|ref|ZP_02682987.1|	72.00	25	7	0	189	115	161	185	0.037	41.6
GSTQT8304EFS3C	gi|194444389|ref|YP_002039787.1|	72.00	25	7	0	189	115	161	185	0.037	41.6
GSTQT8304EFS3C	gi|168240378|ref|ZP_02665310.1|	72.00	25	7	0	189	115	161	185	0.037	41.6
GSTQT8304EFS3C	gi|161504303|ref|YP_001571415.1|	72.00	25	7	0	189	115	171	195	0.082	40.4
GSTQT8304EFS3C	gi|4574175|gb|AAD23929.1|AF083903_1	72.00	25	7	0	189	115	137	161	0.082	40.4
GSTQT8304EFS3C	gi|238911327|ref|ZP_04655164.1|	68.00	25	8	0	189	115	161	185	0.11	40.0
GSTQT8304EFS3C	gi|197248844|ref|YP_002145526.1|	68.00	25	8	0	189	115	161	185	0.11	40.0
GSTQT8304EFS3C	gi|161615251|ref|YP_001589216.1|	68.00	25	8	0	189	115	161	185	0.11	40.0
GSTQT8304EFS3C	gi|349131|gb|AAA75416.1|	68.00	25	8	0	189	115	161	185	0.11	40.0
GSTQT8304EFS3C	gi|267992267|gb|ACY87152.1|	68.00	25	8	0	189	115	156	180	0.11	40.0
GSTQT8304EFS3C	gi|56414308|ref|YP_151383.1|	68.00	25	8	0	189	115	161	185	0.11	40.0
GSTQT8304EFS3C	gi|4574199|gb|AAD23945.1|AF083911_1	68.00	25	8	0	189	115	137	161	0.11	40.0
GSTQT8304EFS3C	gi|4574181|gb|AAD23933.1|AF083905_1	68.00	25	8	0	189	115	137	161	0.11	40.0
GSTQT8304EFS3C	gi|4574166|gb|AAD23923.1|AF083900_1	68.00	25	8	0	189	115	137	161	0.11	40.0
GSTQT8304EFS3C	gi|167990538|ref|ZP_02571638.1|	68.00	25	8	0	189	115	161	185	0.11	40.0
GSTQT8304EFS3C	gi|1706871|sp|P55223.1|FIM11_SALTY	68.00	25	8	0	189	115	161	185	0.11	40.0
GSTQT8304EFS3C	gi|261341119|ref|ZP_05968977.1|	64.00	25	9	0	189	115	163	187	0.14	39.7
GSTQT8304EFS3C	gi|157146853|ref|YP_001454172.1|	68.00	25	8	0	189	115	182	206	0.14	39.7
GSTQT8304EFS3C	gi|146310648|ref|YP_001175722.1|	64.00	25	9	0	189	115	163	187	0.14	39.7
GSTQT8304EFS3C	gi|4574169|gb|AAD23925.1|AF083901_1	68.00	25	8	0	189	115	137	161	0.14	39.7
GSTQT8304EFS3C	gi|4574187|gb|AAD23937.1|AF083907_1	68.00	25	8	0	189	115	137	161	0.14	39.7
GSTQT8304EFS3C	gi|4574190|gb|AAD23939.1|AF083908_1	68.00	25	8	0	189	115	137	161	0.14	39.7
GSTQT8304EFS3C	gi|295096708|emb|CBK85798.1|	64.00	25	9	0	189	115	163	187	0.18	39.3
GSTQT8304EFS3C	gi|296101642|ref|YP_003611788.1|	64.00	25	9	0	189	115	163	187	0.18	39.3
GSTQT8304EFS3C	gi|311280582|ref|YP_003942813.1|	64.00	25	9	0	189	115	159	183	0.24	38.9
GSTQT8304EFS3C	gi|4574178|gb|AAD23931.1|AF083904_1	68.00	25	8	0	189	115	137	161	0.31	38.5
GSTQT8304EFS3C	gi|213024607|ref|ZP_03339054.1|	72.00	25	7	1	189	115	59	82	0.91	37.0
GSTQT8304EFS3C	gi|167550927|ref|ZP_02344683.1|	72.00	25	7	1	189	115	161	184	0.91	37.0
GSTQT8304EFS3C	gi|4574163|gb|AAD23921.1|AF083899_1	72.00	25	7	1	189	115	137	160	0.91	37.0
GSTQT8304EFS3C	gi|16759516|ref|NP_455133.1|	72.00	25	7	1	189	115	161	184	0.91	37.0
GSTQT8304EFS3C	gi|168818836|ref|ZP_02830836.1|	68.00	25	8	1	189	115	161	184	2.6	35.4
GSTQT8304EFS3C	gi|62179152|ref|YP_215569.1|	68.00	25	8	1	189	115	184	207	2.6	35.4
GSTQT8304EBGRF	gi|227547066|ref|ZP_03977115.1|	87.50	24	3	0	111	182	26	49	4e-06	48.9
GSTQT8304EBGRF	gi|227547066|ref|ZP_03977115.1|	100.00	10	0	0	37	66	1	10	4e-06	25.8
GSTQT8304EBGRF	gi|291517756|emb|CBK71372.1|	82.61	23	4	0	180	112	98	120	2e-04	49.3
GSTQT8304EMHZP	gi|150004852|ref|YP_001299596.1|	100.00	17	0	0	51	1	1	17	0.70	37.4
GSTQT8304D96SE	gi|317477637|ref|ZP_07936853.1|	100.00	57	0	0	190	20	173	229	5e-25	 117
GSTQT8304D96SE	gi|237712719|ref|ZP_04543200.1|	100.00	57	0	0	190	20	249	305	5e-25	 117
GSTQT8304D96SE	gi|224535400|ref|ZP_03675939.1|	100.00	57	0	0	190	20	276	332	5e-25	 117
GSTQT8304D96SE	gi|189462403|ref|ZP_03011188.1|	100.00	57	0	0	190	20	249	305	5e-25	 117
GSTQT8304D96SE	gi|198275353|ref|ZP_03207884.1|	100.00	57	0	0	190	20	177	233	5e-25	 117
GSTQT8304D96SE	gi|255012200|ref|ZP_05284326.1|	96.49	57	2	0	190	20	177	233	6e-24	 114
GSTQT8304D96SE	gi|253567508|ref|ZP_04844948.1|	96.49	57	2	0	190	20	177	233	6e-24	 114
GSTQT8304D96SE	gi|255692736|ref|ZP_05416411.1|	96.49	57	2	0	190	20	177	233	6e-24	 114
GSTQT8304D96SE	gi|254885201|ref|ZP_05257911.1|	91.23	57	5	0	190	20	177	233	4e-22	 107
GSTQT8304D96SE	gi|237707878|ref|ZP_04538359.1|	100.00	49	0	0	190	44	177	225	3e-20	 101
GSTQT8304D96SE	gi|255012212|ref|ZP_05284338.1|	85.71	56	8	0	187	20	178	233	3e-19	98.6
GSTQT8304D96SE	gi|224025041|ref|ZP_03643407.1|	85.71	56	8	0	187	20	178	233	3e-19	98.6
GSTQT8304D96SE	gi|237707902|ref|ZP_04538383.1|	82.14	56	10	0	187	20	178	233	2e-18	95.5
GSTQT8304D96SE	gi|254885190|ref|ZP_05257900.1|	73.68	57	15	0	190	20	177	233	9e-17	90.1
GSTQT8304D96SE	gi|319639904|ref|ZP_07994632.1|	36.51	63	40	1	190	2	195	256	0.013	43.1
GSTQT8304D96SE	gi|254880896|ref|ZP_05253606.1|	36.51	63	40	1	190	2	195	256	0.013	43.1
GSTQT8304D96SE	gi|293372403|ref|ZP_06618787.1|	33.87	62	41	1	190	5	195	255	0.048	41.2
GSTQT8304D96SE	gi|253569232|ref|ZP_04846642.1|	35.48	62	40	1	190	5	195	255	0.048	41.2
GSTQT8304D96SE	gi|237725017|ref|ZP_04555498.1|	33.87	62	41	1	190	5	195	255	0.048	41.2
GSTQT8304D96SE	gi|212692680|ref|ZP_03300808.1|	33.87	62	41	1	190	5	195	255	0.048	41.2
GSTQT8304D96SE	gi|299144873|ref|ZP_07037941.1|	32.26	62	42	1	190	5	195	255	0.063	40.8
GSTQT8304D96SE	gi|212692009|ref|ZP_03300137.1|	37.25	51	32	1	190	38	195	244	0.11	40.0
GSTQT8304D96SE	gi|237724711|ref|ZP_04555192.1|	33.93	56	37	1	190	23	195	249	0.14	39.7
GSTQT8304D96SE	gi|255689889|ref|ZP_05413564.1|	33.87	62	41	1	190	5	195	255	0.24	38.9
GSTQT8304D96SE	gi|256841226|ref|ZP_05546733.1|	35.71	56	36	1	190	23	195	249	0.41	38.1
GSTQT8304D96SE	gi|253687997|ref|YP_003017187.1|	40.43	47	28	1	166	26	227	272	0.41	38.1
GSTQT8304D96SE	gi|216700340|ref|YP_002332250.1|	44.44	45	25	1	154	20	206	249	0.41	38.1
GSTQT8304D96SE	gi|255690127|ref|ZP_05413802.1|	37.50	56	35	1	190	23	195	249	0.53	37.7
GSTQT8304D96SE	gi|308187905|ref|YP_003932036.1|	42.22	45	26	1	160	26	176	219	0.70	37.4
GSTQT8304D96SE	gi|253569678|ref|ZP_04847087.1|	35.71	56	36	1	190	23	195	249	0.70	37.4
GSTQT8304D96SE	gi|301162161|emb|CBW21706.1|	35.71	56	36	1	190	23	195	249	0.91	37.0
GSTQT8304D96SE	gi|293373126|ref|ZP_06619490.1|	32.79	61	41	1	187	5	196	255	0.91	37.0
GSTQT8304D96SE	gi|256840363|ref|ZP_05545871.1|	32.79	61	41	1	187	5	196	255	0.91	37.0
GSTQT8304D96SE	gi|255011905|ref|ZP_05284031.1|	35.71	56	36	1	190	23	195	249	0.91	37.0
GSTQT8304D96SE	gi|218263874|ref|ZP_03477837.1|	35.71	56	36	1	190	23	23	77	0.91	37.0
GSTQT8304D96SE	gi|153807722|ref|ZP_01960390.1|	35.71	56	36	1	190	23	195	249	0.91	37.0
GSTQT8304D96SE	gi|198286628|ref|YP_002221298.1|	42.22	45	26	1	154	20	206	249	0.91	37.0
GSTQT8304D96SE	gi|60680657|ref|YP_210801.1|	35.71	56	36	1	190	23	195	249	0.91	37.0
GSTQT8304D96SE	gi|302035319|ref|YP_003799990.1|	42.22	45	26	1	154	20	206	249	1.2	36.6
GSTQT8304D96SE	gi|256019929|ref|ZP_05433794.1|	40.00	45	27	1	160	26	210	253	1.2	36.6
GSTQT8304D96SE	gi|237718807|ref|ZP_04549288.1|	32.79	61	41	1	187	5	196	255	1.2	36.6
GSTQT8304D96SE	gi|227329000|ref|ZP_03833024.1|	42.55	47	27	1	166	26	225	270	1.2	36.6
GSTQT8304D96SE	gi|67626172|gb|AAY78541.1|	34.00	50	32	1	181	35	174	223	1.5	36.2
GSTQT8304D96SE	gi|261820997|ref|YP_003259103.1|	40.43	47	28	1	166	26	211	256	3.5	35.0
GSTQT8304D96SE	gi|237729551|ref|ZP_04560032.1|	39.58	48	29	1	172	29	198	244	5.9	34.3
GSTQT8304D96SE	gi|317480918|ref|ZP_07939999.1|	26.67	60	44	1	190	11	195	253	7.7	33.9
GSTQT8304D96SE	gi|299751332|ref|XP_001830205.2|	35.71	42	27	0	126	1	128	169	7.7	33.9
GSTQT8304D96SE	gi|291283975|ref|YP_003500793.1|	38.30	47	29	1	166	26	207	252	7.7	33.9
GSTQT8304D96SE	gi|55379610|ref|YP_137460.1|	41.03	39	23	0	181	65	88	126	7.7	33.9
GSTQT8304D96SE	gi|2500671|sp|Q32223.1|RBL_EPHTW	35.29	51	21	1	178	62	186	236	7.7	33.9
GSTQT8304EAULN	gi|298482518|ref|ZP_07000703.1|	92.06	63	5	1	1	189	173	234	1e-24	 116
GSTQT8304EAULN	gi|260172791|ref|ZP_05759203.1|	92.06	63	5	1	1	189	173	234	1e-24	 116
GSTQT8304EAULN	gi|237722032|ref|ZP_04552513.1|	92.06	63	5	1	1	189	173	234	1e-24	 116
GSTQT8304EAULN	gi|237717001|ref|ZP_04547482.1|	92.06	63	5	1	1	189	173	234	1e-24	 116
GSTQT8304EAULN	gi|160884840|ref|ZP_02065843.1|	92.06	63	5	1	1	189	173	234	1e-24	 116
GSTQT8304EAULN	gi|299146252|ref|ZP_07039320.1|	88.89	63	7	1	1	189	175	236	6e-24	 114
GSTQT8304EAULN	gi|160883723|ref|ZP_02064726.1|	88.89	63	7	1	1	189	186	247	6e-24	 114
GSTQT8304EAULN	gi|298484107|ref|ZP_07002274.1|	87.30	63	8	1	1	189	186	247	2e-23	 112
GSTQT8304EAULN	gi|294645454|ref|ZP_06723156.1|	87.30	63	8	1	1	189	172	233	2e-23	 112
GSTQT8304EAULN	gi|293370120|ref|ZP_06616685.1|	87.30	63	8	1	1	189	172	233	2e-23	 112
GSTQT8304EAULN	gi|237722219|ref|ZP_04552700.1|	87.30	63	8	1	1	189	175	236	2e-23	 112
GSTQT8304EAULN	gi|237716001|ref|ZP_04546482.1|	87.30	63	8	1	1	189	175	236	2e-23	 112
GSTQT8304EAULN	gi|299145096|ref|ZP_07038164.1|	88.89	63	7	1	1	189	173	234	3e-23	 111
GSTQT8304EAULN	gi|224536702|ref|ZP_03677241.1|	84.13	63	10	1	1	189	173	234	2e-22	 108
GSTQT8304EAULN	gi|189467640|ref|ZP_03016425.1|	84.13	63	10	1	1	189	175	236	2e-22	 108
GSTQT8304EAULN	gi|270293572|ref|ZP_06199774.1|	84.13	63	10	1	1	189	175	236	3e-22	 108
GSTQT8304EAULN	gi|298481206|ref|ZP_06999400.1|	82.54	63	11	1	1	189	172	233	5e-22	 107
GSTQT8304EAULN	gi|254881841|ref|ZP_05254551.1|	82.54	63	11	1	1	189	172	233	7e-22	 107
GSTQT8304EAULN	gi|150005963|ref|YP_001300707.1|	82.54	63	11	1	1	189	172	233	7e-22	 107
GSTQT8304EAULN	gi|294775539|ref|ZP_06741049.1|	80.95	63	12	1	1	189	172	233	9e-22	 106
GSTQT8304EAULN	gi|298483254|ref|ZP_07001433.1|	80.95	63	12	1	1	189	172	233	2e-21	 105
GSTQT8304EAULN	gi|237716957|ref|ZP_04547438.1|	80.95	63	12	1	1	189	172	233	2e-21	 105
GSTQT8304EAULN	gi|224536705|ref|ZP_03677244.1|	80.95	63	12	1	1	189	66	127	2e-21	 105
GSTQT8304EAULN	gi|224536985|ref|ZP_03677524.1|	82.54	63	11	1	1	189	175	236	8e-21	 103
GSTQT8304EAULN	gi|237709093|ref|ZP_04539574.1|	82.54	63	11	1	1	189	96	157	1e-20	 103
GSTQT8304EAULN	gi|290769739|gb|ADD61515.1|	79.37	63	13	1	1	189	175	236	2e-20	 102
GSTQT8304EAULN	gi|237724425|ref|ZP_04554906.1|	80.95	63	12	1	1	189	109	170	3e-20	 101
GSTQT8304EAULN	gi|265752616|ref|ZP_06088185.1|	80.95	63	12	1	1	189	78	139	5e-20	 100
GSTQT8304EAULN	gi|212692596|ref|ZP_03300724.1|	80.95	63	12	1	1	189	58	119	1e-19	99.4
GSTQT8304EAULN	gi|294808547|ref|ZP_06767294.1|	65.08	63	22	1	1	189	133	194	2e-15	85.5
GSTQT8304EAULN	gi|294643816|ref|ZP_06721613.1|	65.08	63	22	1	1	189	42	103	2e-15	85.5
GSTQT8304EAULN	gi|298484437|ref|ZP_07002593.1|	65.08	63	22	1	1	189	171	232	4e-15	84.7
GSTQT8304EAULN	gi|281420749|ref|ZP_06251748.1|	65.08	63	22	1	1	189	158	219	3e-14	81.6
GSTQT8304EAULN	gi|281421093|ref|ZP_06252092.1|	65.08	63	22	1	1	189	158	219	4e-14	81.3
GSTQT8304EAULN	gi|281420028|ref|ZP_06251027.1|	63.49	63	23	1	1	189	176	237	2e-13	79.3
GSTQT8304EAULN	gi|255693599|ref|ZP_05417274.1|	82.61	46	7	1	1	135	158	203	5e-13	77.8
GSTQT8304EAULN	gi|262381278|ref|ZP_06074416.1|	59.38	64	25	2	1	189	167	229	1e-11	72.8
GSTQT8304EAULN	gi|315923441|ref|ZP_07919681.1|	58.46	65	25	2	1	189	168	231	6e-11	70.9
GSTQT8304EAULN	gi|298482237|ref|ZP_07000424.1|	58.46	65	25	2	1	189	169	232	6e-11	70.9
GSTQT8304EAULN	gi|294808928|ref|ZP_06767653.1|	58.46	65	25	2	1	189	169	232	6e-11	70.9
GSTQT8304EAULN	gi|293373413|ref|ZP_06619768.1|	58.46	65	25	2	1	189	168	231	6e-11	70.9
GSTQT8304EAULN	gi|260175209|ref|ZP_05761621.1|	58.46	65	25	2	1	189	169	232	6e-11	70.9
GSTQT8304EAULN	gi|237722887|ref|ZP_04553368.1|	58.46	65	25	2	1	189	169	232	6e-11	70.9
GSTQT8304EAULN	gi|237713947|ref|ZP_04544428.1|	58.46	65	25	2	1	189	168	231	6e-11	70.9
GSTQT8304EAULN	gi|160883665|ref|ZP_02064668.1|	58.46	65	25	2	1	189	169	232	6e-11	70.9
GSTQT8304EAULN	gi|298480877|ref|ZP_06999072.1|	58.46	65	25	2	1	189	169	232	7e-11	70.5
GSTQT8304EAULN	gi|295084567|emb|CBK66090.1|	58.46	65	25	2	1	189	178	241	7e-11	70.5
GSTQT8304EAULN	gi|237716126|ref|ZP_04546607.1|	58.46	65	25	2	1	189	169	232	7e-11	70.5
GSTQT8304EAULN	gi|160882596|ref|ZP_02063599.1|	58.46	65	25	2	1	189	178	241	7e-11	70.5
GSTQT8304EAULN	gi|29347963|ref|NP_811466.1|	56.92	65	26	2	1	189	169	232	1e-10	70.1
GSTQT8304EAULN	gi|298374122|ref|ZP_06984080.1|	57.81	64	26	2	1	189	167	229	1e-10	69.7
GSTQT8304EAULN	gi|255012990|ref|ZP_05285116.1|	57.81	64	26	2	1	189	167	229	1e-10	69.7
GSTQT8304EAULN	gi|255692058|ref|ZP_05415733.1|	56.92	65	26	2	1	189	117	180	2e-10	69.3
GSTQT8304EAULN	gi|262382968|ref|ZP_06076105.1|	56.25	64	27	2	1	189	167	229	4e-10	68.2
GSTQT8304EAULN	gi|224535622|ref|ZP_03676161.1|	52.31	65	29	2	1	189	170	233	3e-09	65.1
GSTQT8304EAULN	gi|298387922|ref|ZP_06997471.1|	55.56	63	28	2	1	189	169	229	4e-09	64.7
GSTQT8304EAULN	gi|253568814|ref|ZP_04846224.1|	55.56	63	28	2	1	189	169	229	4e-09	64.7
GSTQT8304EAULN	gi|29348841|ref|NP_812344.1|	55.56	63	28	2	1	189	169	229	5e-09	64.3
GSTQT8304EAULN	gi|298377829|ref|ZP_06987779.1|	52.38	63	30	1	1	189	112	173	3e-08	61.6
GSTQT8304EAULN	gi|255016241|ref|ZP_05288367.1|	52.38	63	30	1	1	189	167	228	3e-08	61.6
GSTQT8304EAULN	gi|224538010|ref|ZP_03678549.1|	50.79	63	31	2	1	189	171	231	8e-08	60.5
GSTQT8304EAULN	gi|298479742|ref|ZP_06997942.1|	49.21	63	32	1	1	189	166	227	2e-07	58.9
GSTQT8304EAULN	gi|253572294|ref|ZP_04849697.1|	49.21	63	32	1	1	189	166	227	4e-07	58.2
GSTQT8304EAULN	gi|237715120|ref|ZP_04545601.1|	49.21	63	32	1	1	189	166	227	4e-07	58.2
GSTQT8304EAULN	gi|160882881|ref|ZP_02063884.1|	49.21	63	32	1	1	189	166	227	5e-07	57.8
GSTQT8304EAULN	gi|29349853|ref|NP_813356.1|	49.21	63	32	1	1	189	166	227	5e-07	57.8
GSTQT8304EAULN	gi|298481801|ref|ZP_06999991.1|	47.62	63	33	1	1	189	166	227	1e-06	56.6
GSTQT8304EAULN	gi|295087758|emb|CBK69281.1|	47.62	63	33	1	1	189	166	227	1e-06	56.6
GSTQT8304EAULN	gi|256838789|ref|ZP_05544299.1|	49.21	63	32	1	1	189	166	227	1e-06	56.6
GSTQT8304EAULN	gi|88601716|ref|YP_501894.1|	44.44	63	35	1	1	189	166	227	1e-06	56.6
GSTQT8304EAULN	gi|88601724|ref|YP_501902.1|	41.27	63	37	1	1	189	166	227	1e-06	56.6
GSTQT8304EAULN	gi|301307881|ref|ZP_07213837.1|	49.21	63	32	1	1	189	166	227	1e-06	56.2
GSTQT8304EAULN	gi|298386750|ref|ZP_06996305.1|	46.03	63	34	2	1	189	167	223	1e-06	56.2
GSTQT8304EAULN	gi|255691347|ref|ZP_05415022.1|	47.62	63	33	1	1	189	166	227	1e-06	56.2
GSTQT8304EAULN	gi|29349045|ref|NP_812548.1|	46.03	63	34	2	1	189	167	223	1e-06	56.2
GSTQT8304EAULN	gi|295084832|emb|CBK66355.1|	46.03	63	34	1	1	189	166	227	2e-06	55.8
GSTQT8304EAULN	gi|237722075|ref|ZP_04552556.1|	47.62	63	33	2	1	189	168	224	2e-06	55.8
GSTQT8304EAULN	gi|281420450|ref|ZP_06251449.1|	47.62	63	33	2	1	189	169	225	2e-06	55.8
GSTQT8304EAULN	gi|301311443|ref|ZP_07217370.1|	47.62	63	33	2	1	189	168	224	2e-06	55.5
GSTQT8304EAULN	gi|299144897|ref|ZP_07037965.1|	47.62	63	33	2	1	189	168	224	2e-06	55.5
GSTQT8304EAULN	gi|256838822|ref|ZP_05544332.1|	49.21	63	32	1	1	189	43	104	2e-06	55.5
GSTQT8304EAULN	gi|29349701|ref|NP_813204.1|	47.62	63	33	2	1	189	169	225	2e-06	55.5
GSTQT8304EAULN	gi|294777494|ref|ZP_06742945.1|	47.62	63	33	2	1	189	169	225	3e-06	55.1
GSTQT8304EAULN	gi|260172844|ref|ZP_05759256.1|	47.62	63	33	2	1	189	168	224	3e-06	55.1
GSTQT8304EAULN	gi|254881088|ref|ZP_05253798.1|	47.62	63	33	2	1	189	169	225	3e-06	55.1
GSTQT8304EAULN	gi|150003683|ref|YP_001298427.1|	47.62	63	33	2	1	189	168	224	3e-06	55.1
GSTQT8304EAULN	gi|160884801|ref|ZP_02065804.1|	47.62	63	33	2	1	189	168	224	4e-06	54.7
GSTQT8304EAULN	gi|319900830|ref|YP_004160558.1|	47.62	63	33	2	1	189	168	224	5e-06	54.3
GSTQT8304EAULN	gi|301308039|ref|ZP_07213993.1|	46.03	63	34	1	1	189	166	227	5e-06	54.3
GSTQT8304EAULN	gi|262382684|ref|ZP_06075821.1|	46.03	63	34	1	1	189	166	227	5e-06	54.3
GSTQT8304EAULN	gi|301308292|ref|ZP_07214246.1|	44.44	63	35	2	1	189	106	162	9e-06	53.5
GSTQT8304EAULN	gi|262382464|ref|ZP_06075601.1|	44.44	63	35	2	1	189	106	162	9e-06	53.5
GSTQT8304EAULN	gi|256839081|ref|ZP_05544591.1|	44.44	63	35	2	1	189	190	246	9e-06	53.5
GSTQT8304EAULN	gi|294644185|ref|ZP_06721959.1|	44.44	63	35	1	1	189	166	227	1e-05	53.1
GSTQT8304EAULN	gi|262406995|ref|ZP_06083544.1|	44.44	63	35	1	1	189	166	227	1e-05	53.1
GSTQT8304EAULN	gi|237714727|ref|ZP_04545208.1|	44.44	63	35	1	1	189	151	212	1e-05	53.1
GSTQT8304EAULN	gi|160886954|ref|ZP_02067957.1|	42.86	63	36	2	1	189	170	226	1e-05	53.1
GSTQT8304EAULN	gi|281422573|ref|ZP_06253572.1|	46.03	63	34	2	1	189	169	225	2e-05	52.8
GSTQT8304EAULN	gi|189467163|ref|ZP_03015948.1|	46.03	63	34	2	1	189	168	224	2e-05	52.8
GSTQT8304EAULN	gi|237723450|ref|ZP_04553931.1|	57.89	38	16	0	1	114	70	107	2e-05	52.4
GSTQT8304EEKWD	gi|312973370|ref|ZP_07787542.1|	100.00	60	0	0	189	10	69	128	6e-27	 124
GSTQT8304EEKWD	gi|307350027|ref|ZP_07619632.1|	100.00	60	0	0	189	10	69	128	6e-27	 124
GSTQT8304EEKWD	gi|300936952|ref|ZP_07151836.1|	100.00	60	0	0	189	10	69	128	6e-27	 124
GSTQT8304EEKWD	gi|301023595|ref|ZP_07187358.1|	100.00	60	0	0	189	10	69	128	6e-27	 124
GSTQT8304EEKWD	gi|293410785|ref|ZP_06654361.1|	100.00	60	0	0	189	10	69	128	6e-27	 124
GSTQT8304EEKWD	gi|284922344|emb|CBG35431.1|	100.00	60	0	0	189	10	69	128	6e-27	 124
GSTQT8304EEKWD	gi|218690522|ref|YP_002398734.1|	100.00	60	0	0	189	10	69	128	6e-27	 124
GSTQT8304EEKWD	gi|218548172|ref|YP_002381963.1|	100.00	60	0	0	189	10	69	128	6e-27	 124
GSTQT8304EEKWD	gi|170019329|ref|YP_001724283.1|	100.00	60	0	0	189	10	69	128	6e-27	 124
GSTQT8304EEKWD	gi|110806331|ref|YP_689851.1|	100.00	60	0	0	189	10	41	100	6e-27	 124
GSTQT8304EEKWD	gi|17127726|gb|AAK08975.1|	100.00	60	0	0	189	10	69	128	6e-27	 124
GSTQT8304EEKWD	gi|82777783|ref|YP_404132.1|	100.00	60	0	0	189	10	69	128	6e-27	 124
GSTQT8304EEKWD	gi|82544847|ref|YP_408794.1|	100.00	60	0	0	189	10	69	128	6e-27	 124
GSTQT8304EEKWD	gi|74312927|ref|YP_311346.1|	100.00	60	0	0	189	10	69	128	6e-27	 124
GSTQT8304EEKWD	gi|30063785|ref|NP_837956.1|	100.00	60	0	0	189	10	69	128	6e-27	 124
GSTQT8304EEKWD	gi|26248758|ref|NP_754798.1|	100.00	60	0	0	189	10	69	128	6e-27	 124
GSTQT8304EEKWD	gi|15802921|ref|NP_288949.1|	100.00	60	0	0	189	10	69	128	6e-27	 124
GSTQT8304EEKWD	gi|194432938|ref|ZP_03065222.1|	100.00	60	0	0	189	10	69	128	6e-27	 124
GSTQT8304EEKWD	gi|193069751|ref|ZP_03050702.1|	100.00	60	0	0	189	10	69	128	6e-27	 124
GSTQT8304EEKWD	gi|16130311|ref|NP_416880.1|	100.00	60	0	0	189	10	69	128	6e-27	 124
GSTQT8304EEKWD	gi|283832219|ref|ZP_06351960.1|	98.33	60	1	0	189	10	69	128	2e-26	 122
GSTQT8304EEKWD	gi|237732385|ref|ZP_04562866.1|	98.33	60	1	0	189	10	69	128	2e-26	 122
GSTQT8304EEKWD	gi|146307606|ref|YP_001188071.1|	98.33	60	1	0	189	10	68	127	2e-26	 122
GSTQT8304EEKWD	gi|309951212|emb|CBL80618.1|	98.33	60	1	0	189	10	69	128	2e-26	 122
GSTQT8304EEKWD	gi|218705897|ref|YP_002413416.1|	98.33	60	1	0	189	10	69	128	2e-26	 122
GSTQT8304EEKWD	gi|209919867|ref|YP_002293951.1|	98.33	60	1	0	189	10	69	128	2e-26	 122
GSTQT8304EEKWD	gi|51035837|emb|CAH17383.1|	98.33	60	1	0	189	10	9	68	2e-26	 122
GSTQT8304EEKWD	gi|187732818|ref|YP_001881188.1|	98.33	60	1	0	189	10	69	128	3e-26	 121
GSTQT8304EEKWD	gi|170683338|ref|YP_001744574.1|	98.33	60	1	0	189	10	69	128	4e-26	 121
GSTQT8304EEKWD	gi|307561146|ref|ZP_07624913.1|	96.67	60	2	0	189	10	69	128	5e-26	 120
GSTQT8304EEKWD	gi|193227723|emb|CAQ42485.1|	96.67	60	2	0	189	10	69	128	5e-26	 120
GSTQT8304EEKWD	gi|9843777|emb|CAC03612.1|	96.67	60	2	0	189	10	69	128	5e-26	 120
GSTQT8304EEKWD	gi|82569005|emb|CAJ31230.1|	96.67	60	2	0	189	10	69	128	5e-26	 120
GSTQT8304EEKWD	gi|296104060|ref|YP_003614206.1|	96.67	60	2	0	189	10	69	128	6e-26	 120
GSTQT8304EEKWD	gi|261340733|ref|ZP_05968591.1|	96.67	60	2	0	189	10	69	128	8e-26	 120
GSTQT8304EEKWD	gi|157144695|ref|YP_001452014.1|	95.00	60	3	0	189	10	69	128	8e-26	 120
GSTQT8304EEKWD	gi|146312559|ref|YP_001177633.1|	95.00	60	3	0	189	10	69	128	8e-26	 120
GSTQT8304EEKWD	gi|260598784|ref|YP_003211355.1|	95.00	60	3	0	189	10	69	128	1e-25	 119
GSTQT8304EEKWD	gi|156933047|ref|YP_001436963.1|	95.00	60	3	0	189	10	69	128	1e-25	 119
GSTQT8304EEKWD	gi|310768254|gb|ADP13204.1|	96.67	60	2	0	189	10	69	128	1e-25	 119
GSTQT8304EEKWD	gi|308187672|ref|YP_003931803.1|	96.67	60	2	0	189	10	69	128	1e-25	 119
GSTQT8304EEKWD	gi|307131922|ref|YP_003883938.1|	96.67	60	2	0	189	10	69	128	1e-25	 119
GSTQT8304EEKWD	gi|292488936|ref|YP_003531823.1|	96.67	60	2	0	189	10	94	153	1e-25	 119
GSTQT8304EEKWD	gi|292900074|ref|YP_003539443.1|	96.67	60	2	0	189	10	69	128	1e-25	 119
GSTQT8304EEKWD	gi|270262908|ref|ZP_06191179.1|	96.67	60	2	0	189	10	69	128	1e-25	 119
GSTQT8304EEKWD	gi|251788916|ref|YP_003003637.1|	96.67	60	2	0	189	10	69	128	1e-25	 119
GSTQT8304EEKWD	gi|238784644|ref|ZP_04628649.1|	96.67	60	2	0	189	10	69	128	1e-25	 119
GSTQT8304EEKWD	gi|238759516|ref|ZP_04620679.1|	96.67	60	2	0	189	10	68	127	1e-25	 119
GSTQT8304EEKWD	gi|259907833|ref|YP_002648189.1|	96.67	60	2	0	189	10	69	128	1e-25	 119
GSTQT8304EEKWD	gi|188533265|ref|YP_001907062.1|	96.67	60	2	0	189	10	69	128	1e-25	 119
GSTQT8304EEKWD	gi|157371638|ref|YP_001479627.1|	96.67	60	2	0	189	10	69	128	1e-25	 119
GSTQT8304EEKWD	gi|313109693|ref|ZP_07795635.1|	93.33	60	4	0	189	10	103	162	2e-25	 119
GSTQT8304EEKWD	gi|301015695|pdb|2X5D|A	93.33	60	4	0	189	10	70	129	2e-25	 119
GSTQT8304EEKWD	gi|296391540|ref|ZP_06881015.1|	93.33	60	4	0	189	10	69	128	2e-25	 119
GSTQT8304EEKWD	gi|261820707|ref|YP_003258813.1|	95.00	60	3	0	189	10	69	128	2e-25	 119
GSTQT8304EEKWD	gi|253689241|ref|YP_003018431.1|	95.00	60	3	0	189	10	69	128	2e-25	 119
GSTQT8304EEKWD	gi|227327889|ref|ZP_03831913.1|	95.00	60	3	0	189	10	69	128	2e-25	 119
GSTQT8304EEKWD	gi|227114139|ref|ZP_03827795.1|	95.00	60	3	0	189	10	69	128	2e-25	 119
GSTQT8304EEKWD	gi|218893810|ref|YP_002442679.1|	93.33	60	4	0	189	10	69	128	2e-25	 119
GSTQT8304EEKWD	gi|107103814|ref|ZP_01367732.1|	93.33	60	4	0	189	10	69	128	2e-25	 119
GSTQT8304EEKWD	gi|152985624|ref|YP_001350755.1|	93.33	60	4	0	189	10	69	128	2e-25	 119
GSTQT8304EEKWD	gi|50122038|ref|YP_051205.1|	95.00	60	3	0	189	10	69	128	2e-25	 119
GSTQT8304EEKWD	gi|116052861|ref|YP_793178.1|	93.33	60	4	0	189	10	69	128	2e-25	 119
GSTQT8304EEKWD	gi|15599909|ref|NP_253403.1|	93.33	60	4	0	189	10	69	128	2e-25	 119
GSTQT8304EEKWD	gi|311278678|ref|YP_003940909.1|	93.33	60	4	0	189	10	69	128	2e-25	 118
GSTQT8304EEKWD	gi|193227726|emb|CAQ42479.1|	93.33	60	4	0	189	10	69	128	2e-25	 118
GSTQT8304EEKWD	gi|318606584|emb|CBY28082.1|	95.00	60	3	0	189	10	69	128	3e-25	 118
GSTQT8304EEKWD	gi|262042011|ref|ZP_06015191.1|	93.33	60	4	0	189	10	41	100	3e-25	 118
GSTQT8304EEKWD	gi|238798689|ref|ZP_04642162.1|	95.00	60	3	0	189	10	69	128	3e-25	 118
GSTQT8304EEKWD	gi|238764165|ref|ZP_04625118.1|	95.00	60	3	0	189	10	69	128	3e-25	 118
GSTQT8304EEKWD	gi|289803516|ref|ZP_06534145.1|	93.33	60	4	0	189	10	69	128	3e-25	 118
GSTQT8304EEKWD	gi|213583796|ref|ZP_03365622.1|	93.33	60	4	0	189	10	69	128	3e-25	 118
GSTQT8304EEKWD	gi|213425506|ref|ZP_03358256.1|	93.33	60	4	0	189	10	69	128	3e-25	 118
GSTQT8304EEKWD	gi|213416501|ref|ZP_03349645.1|	93.33	60	4	0	189	10	69	128	3e-25	 118
GSTQT8304EEKWD	gi|206579903|ref|YP_002237258.1|	93.33	60	4	0	189	10	69	128	3e-25	 118
GSTQT8304EEKWD	gi|205353516|ref|YP_002227317.1|	93.33	60	4	0	189	10	69	128	3e-25	 118
GSTQT8304EEKWD	gi|168261566|ref|ZP_02683539.1|	93.33	60	4	0	189	10	69	128	3e-25	 118
GSTQT8304EEKWD	gi|194443089|ref|YP_002041666.1|	93.33	60	4	0	189	10	69	128	3e-25	 118
GSTQT8304EEKWD	gi|167549586|ref|ZP_02343345.1|	93.33	60	4	0	189	10	69	128	3e-25	 118
GSTQT8304EEKWD	gi|161502447|ref|YP_001569559.1|	93.33	60	4	0	189	10	69	128	3e-25	 118
GSTQT8304EEKWD	gi|152971272|ref|YP_001336381.1|	93.33	60	4	0	189	10	69	128	3e-25	 118
GSTQT8304EEKWD	gi|123441568|ref|YP_001005554.1|	95.00	60	3	0	189	10	69	128	3e-25	 118
GSTQT8304EEKWD	gi|56412700|ref|YP_149775.1|	93.33	60	4	0	189	10	69	128	3e-25	 118
GSTQT8304EEKWD	gi|16765728|ref|NP_461343.1|	93.33	60	4	0	189	10	69	128	3e-25	 118
GSTQT8304EEKWD	gi|16761328|ref|NP_456945.1|	93.33	60	4	0	189	10	69	128	3e-25	 118
GSTQT8304EEKWD	gi|238789987|ref|ZP_04633766.1|	95.00	60	3	0	189	10	69	128	3e-25	 118
GSTQT8304EEKWD	gi|304398295|ref|ZP_07380169.1|	95.00	60	3	0	189	10	69	128	4e-25	 117
GSTQT8304EEKWD	gi|291618293|ref|YP_003521035.1|	93.33	60	4	0	189	10	69	128	4e-25	 117
GSTQT8304EEKWD	gi|170767598|ref|ZP_02902051.1|	93.33	60	4	0	189	10	69	128	4e-25	 117
GSTQT8304EEKWD	gi|317492847|ref|ZP_07951271.1|	93.33	60	4	0	189	10	69	128	5e-25	 117
GSTQT8304EEKWD	gi|283786458|ref|YP_003366323.1|	93.33	60	4	0	189	10	69	128	5e-25	 117
GSTQT8304EEKWD	gi|238752001|ref|ZP_04613486.1|	95.00	60	3	0	189	10	69	128	5e-25	 117
GSTQT8304EEKWD	gi|238895865|ref|YP_002920601.1|	93.33	60	4	0	189	10	69	128	5e-25	 117
GSTQT8304EEKWD	gi|300717821|ref|YP_003742624.1|	93.33	60	4	0	189	10	69	128	7e-25	 117
GSTQT8304EEKWD	gi|317049021|ref|YP_004116669.1|	93.33	60	4	0	189	10	69	128	7e-25	 117
GSTQT8304EEKWD	gi|145599358|ref|YP_001163434.1|	93.33	60	4	0	189	10	69	128	7e-25	 117
GSTQT8304EEKWD	gi|45442377|ref|NP_993916.1|	93.33	60	4	0	189	10	69	128	7e-25	 117
GSTQT8304EEKWD	gi|293395082|ref|ZP_06639369.1|	93.33	60	4	0	189	10	69	128	1e-24	 116
GSTQT8304EEKWD	gi|238753826|ref|ZP_04615187.1|	93.33	60	4	0	189	10	69	128	1e-24	 116
GSTQT8304EEKWD	gi|168817852|ref|ZP_02829852.1|	91.67	60	5	0	189	10	69	128	1e-24	 116
GSTQT8304EDKLK	gi|298385167|ref|ZP_06994726.1|	87.50	32	4	0	77	172	32	63	7e-18	62.8
GSTQT8304EDKLK	gi|298385167|ref|ZP_06994726.1|	75.00	28	7	0	1	84	7	34	7e-18	51.6
GSTQT8304EDKLK	gi|253570482|ref|ZP_04847890.1|	87.50	32	4	0	77	172	15	46	9e-13	62.8
GSTQT8304EDKLK	gi|253570482|ref|ZP_04847890.1|	82.35	17	3	0	34	84	1	17	9e-13	34.3
GSTQT8304EDKLK	gi|315922222|ref|ZP_07918462.1|	100.00	32	0	0	77	172	41	72	5e-10	67.8
GSTQT8304EDKLK	gi|315922222|ref|ZP_07918462.1|	61.54	65	23	3	1	189	16	78	2e-09	65.9
GSTQT8304EDKLK	gi|299148060|ref|ZP_07041123.1|	100.00	32	0	0	77	172	41	72	5e-10	67.8
GSTQT8304EDKLK	gi|299148060|ref|ZP_07041123.1|	61.54	65	23	3	1	189	16	78	2e-09	65.9
GSTQT8304EDKLK	gi|260173956|ref|ZP_05760368.1|	100.00	32	0	0	77	172	15	46	5e-10	67.8
GSTQT8304EDKLK	gi|260173956|ref|ZP_05760368.1|	53.70	54	23	3	34	189	1	52	0.017	42.7
GSTQT8304EDKLK	gi|237720205|ref|ZP_04550686.1|	100.00	32	0	0	77	172	32	63	5e-10	67.8
GSTQT8304EDKLK	gi|237720205|ref|ZP_04550686.1|	61.54	65	23	3	1	189	7	69	2e-09	65.9
GSTQT8304EDKLK	gi|160883422|ref|ZP_02064425.1|	100.00	32	0	0	77	172	32	63	5e-10	67.8
GSTQT8304EDKLK	gi|160883422|ref|ZP_02064425.1|	61.54	65	23	3	1	189	7	69	2e-09	65.9
GSTQT8304EDKLK	gi|29347374|ref|NP_810877.1|	84.38	32	5	0	77	172	32	63	8e-08	60.5
GSTQT8304EDKLK	gi|29347374|ref|NP_810877.1|	41.27	63	37	0	1	189	7	69	3e-05	52.0
GSTQT8304EDKLK	gi|296116081|ref|ZP_06834701.1|	60.87	23	9	0	92	160	65	87	0.48	35.0
GSTQT8304EDKLK	gi|296116081|ref|ZP_06834701.1|	33.33	27	18	0	1	81	35	61	0.48	21.9
GSTQT8304EDKLK	gi|288800202|ref|ZP_06405661.1|	37.14	35	22	0	77	181	40	74	1.0	29.3
GSTQT8304EDKLK	gi|288800202|ref|ZP_06405661.1|	43.48	23	13	0	7	75	17	39	1.0	26.6
GSTQT8304EDKLK	gi|319900963|ref|YP_004160691.1|	46.15	26	14	0	77	154	40	65	1.3	30.8
GSTQT8304EDKLK	gi|319900963|ref|YP_004160691.1|	44.00	25	14	0	1	75	15	39	1.3	24.6
GSTQT8304EDKLK	gi|196232532|ref|ZP_03131384.1|	42.86	35	20	0	77	181	46	80	2.3	28.9
GSTQT8304EDKLK	gi|196232532|ref|ZP_03131384.1|	43.48	23	13	0	7	75	23	45	2.3	25.8
GSTQT8304EDKLK	gi|268317329|ref|YP_003291048.1|	44.83	29	16	0	77	163	37	65	2.9	30.0
GSTQT8304EDKLK	gi|268317329|ref|YP_003291048.1|	33.33	27	18	0	1	81	12	38	2.9	24.3
GSTQT8304EDKLK	gi|317474253|ref|ZP_07933529.1|	44.00	25	14	0	77	151	31	55	2.9	30.4
GSTQT8304EDKLK	gi|317474253|ref|ZP_07933529.1|	36.00	25	16	0	7	81	8	32	2.9	23.9
GSTQT8304EDKLK	gi|218130715|ref|ZP_03459519.1|	44.00	25	14	0	77	151	31	55	2.9	30.4
GSTQT8304EDKLK	gi|218130715|ref|ZP_03459519.1|	36.00	25	16	0	7	81	8	32	2.9	23.9
GSTQT8304EDKLK	gi|281422095|ref|ZP_06253094.1|	42.31	26	15	0	7	84	51	76	7.8	28.1
GSTQT8304EDKLK	gi|281422095|ref|ZP_06253094.1|	42.86	21	12	0	77	139	74	94	7.8	24.6
GSTQT8304EGS16	gi|294807986|ref|ZP_06766763.1|	89.66	29	3	0	88	2	13	41	1e-05	53.1
GSTQT8304EGS16	gi|294807986|ref|ZP_06766763.1|	78.95	19	4	0	190	134	432	450	3.5	35.0
GSTQT8304EGS16	gi|298376303|ref|ZP_06986259.1|	100.00	26	0	0	79	2	1	26	2e-05	52.4
GSTQT8304EGS16	gi|298376303|ref|ZP_06986259.1|	78.95	19	4	0	190	134	417	435	3.5	35.0
GSTQT8304EGS16	gi|298387971|ref|ZP_06997519.1|	100.00	26	0	0	79	2	1	26	2e-05	52.4
GSTQT8304EGS16	gi|298387971|ref|ZP_06997519.1|	78.95	19	4	0	190	134	417	435	3.5	35.0
GSTQT8304EGS16	gi|293369968|ref|ZP_06616535.1|	100.00	26	0	0	79	2	1	26	2e-05	52.4
GSTQT8304EGS16	gi|293369968|ref|ZP_06616535.1|	78.95	19	4	0	190	134	417	435	3.5	35.0
GSTQT8304EGS16	gi|262383281|ref|ZP_06076417.1|	100.00	26	0	0	79	2	1	26	2e-05	52.4
GSTQT8304EGS16	gi|262383281|ref|ZP_06076417.1|	78.95	19	4	0	190	134	417	435	3.5	35.0
GSTQT8304EGS16	gi|260174366|ref|ZP_05760778.1|	100.00	26	0	0	79	2	1	26	2e-05	52.4
GSTQT8304EGS16	gi|260174366|ref|ZP_05760778.1|	78.95	19	4	0	190	134	416	434	3.5	35.0
GSTQT8304EGS16	gi|256841570|ref|ZP_05547077.1|	100.00	26	0	0	79	2	1	26	2e-05	52.4
GSTQT8304EGS16	gi|256841570|ref|ZP_05547077.1|	78.95	19	4	0	190	134	417	435	3.5	35.0
GSTQT8304EGS16	gi|237712767|ref|ZP_04543248.1|	100.00	26	0	0	79	2	1	26	2e-05	52.4
GSTQT8304EGS16	gi|237712767|ref|ZP_04543248.1|	78.95	19	4	0	190	134	417	435	3.5	35.0
GSTQT8304EGS16	gi|255693956|ref|ZP_05417631.1|	100.00	26	0	0	79	2	1	26	2e-05	52.4
GSTQT8304EGS16	gi|255693956|ref|ZP_05417631.1|	73.68	19	5	0	190	134	417	435	7.7	33.9
GSTQT8304EGS16	gi|224538050|ref|ZP_03678589.1|	100.00	26	0	0	79	2	1	26	2e-05	52.4
GSTQT8304EGS16	gi|224538050|ref|ZP_03678589.1|	78.95	19	4	0	190	134	417	435	3.5	35.0
GSTQT8304EGS16	gi|218262621|ref|ZP_03477009.1|	100.00	26	0	0	79	2	1	26	2e-05	52.4
GSTQT8304EGS16	gi|218262621|ref|ZP_03477009.1|	78.95	19	4	0	190	134	417	435	3.5	35.0
GSTQT8304EGS16	gi|189468120|ref|ZP_03016905.1|	100.00	26	0	0	79	2	1	26	2e-05	52.4
GSTQT8304EGS16	gi|189468120|ref|ZP_03016905.1|	78.95	19	4	0	190	134	417	435	3.5	35.0
GSTQT8304EGS16	gi|160890962|ref|ZP_02071965.1|	100.00	26	0	0	79	2	1	26	2e-05	52.4
GSTQT8304EGS16	gi|160890962|ref|ZP_02071965.1|	78.95	19	4	0	190	134	417	435	3.5	35.0
GSTQT8304EGS16	gi|160884988|ref|ZP_02065991.1|	100.00	26	0	0	79	2	1	26	2e-05	52.4
GSTQT8304EGS16	gi|160884988|ref|ZP_02065991.1|	78.95	19	4	0	190	134	417	435	3.5	35.0
GSTQT8304EGS16	gi|154493619|ref|ZP_02032939.1|	100.00	26	0	0	79	2	1	26	2e-05	52.4
GSTQT8304EGS16	gi|154493619|ref|ZP_02032939.1|	78.95	19	4	0	190	134	417	435	3.5	35.0
GSTQT8304EGS16	gi|150008446|ref|YP_001303189.1|	100.00	26	0	0	79	2	1	26	2e-05	52.4
GSTQT8304EGS16	gi|150008446|ref|YP_001303189.1|	78.95	19	4	0	190	134	417	435	3.5	35.0
GSTQT8304EGS16	gi|153808320|ref|ZP_01960988.1|	100.00	26	0	0	79	2	1	26	2e-05	52.4
GSTQT8304EGS16	gi|153808320|ref|ZP_01960988.1|	78.95	19	4	0	190	134	417	435	3.5	35.0
GSTQT8304EGS16	gi|29347829|ref|NP_811332.1|	100.00	26	0	0	79	2	1	26	2e-05	52.4
GSTQT8304EGS16	gi|29347829|ref|NP_811332.1|	78.95	19	4	0	190	134	417	435	3.5	35.0
GSTQT8304EGS16	gi|294775258|ref|ZP_06740781.1|	96.15	26	1	0	79	2	1	26	3e-04	48.5
GSTQT8304EGS16	gi|294775258|ref|ZP_06740781.1|	78.95	19	4	0	190	134	417	435	2.6	35.4
GSTQT8304EGS16	gi|237709041|ref|ZP_04539522.1|	96.15	26	1	0	79	2	1	26	3e-04	48.5
GSTQT8304EGS16	gi|237709041|ref|ZP_04539522.1|	78.95	19	4	0	190	134	417	435	2.6	35.4
GSTQT8304EGS16	gi|212692102|ref|ZP_03300230.1|	96.15	26	1	0	79	2	1	26	3e-04	48.5
GSTQT8304EGS16	gi|212692102|ref|ZP_03300230.1|	78.95	19	4	0	190	134	417	435	2.6	35.4
GSTQT8304EGS16	gi|150006079|ref|YP_001300823.1|	96.15	26	1	0	79	2	1	26	3e-04	48.5
GSTQT8304EGS16	gi|150006079|ref|YP_001300823.1|	78.95	19	4	0	190	134	417	435	2.6	35.4
GSTQT8304EGS16	gi|319808666|gb|EFW05210.1|	84.62	26	4	0	79	2	1	26	0.001	46.2
GSTQT8304EGS16	gi|319808666|gb|EFW05210.1|	78.95	19	4	0	190	134	415	433	4.5	34.7
GSTQT8304EGS16	gi|225569024|ref|ZP_03778049.1|	88.46	26	3	0	79	2	1	26	0.002	45.8
GSTQT8304EGS16	gi|225569024|ref|ZP_03778049.1|	78.95	19	4	0	190	134	412	430	4.5	34.7
GSTQT8304EGS16	gi|313899439|ref|ZP_07832949.1|	88.46	26	3	0	79	2	1	26	0.003	45.4
GSTQT8304EGS16	gi|309776979|ref|ZP_07671949.1|	88.46	26	3	0	79	2	1	26	0.003	45.4
GSTQT8304EGS16	gi|160914335|ref|ZP_02076554.1|	88.46	26	3	0	79	2	1	26	0.003	45.4
GSTQT8304EGS16	gi|317500695|ref|ZP_07958913.1|	88.46	26	3	0	79	2	1	26	0.004	44.7
GSTQT8304EGS16	gi|317500695|ref|ZP_07958913.1|	78.95	19	4	0	190	134	412	430	4.5	34.7
GSTQT8304EGS16	gi|310829791|ref|YP_003962148.1|	84.62	26	4	0	79	2	1	26	0.004	44.7
GSTQT8304EGS16	gi|310829791|ref|YP_003962148.1|	78.95	19	4	0	190	134	417	435	3.5	35.0
GSTQT8304EGS16	gi|153815930|ref|ZP_01968598.1|	88.46	26	3	0	79	2	1	26	0.004	44.7
GSTQT8304EGS16	gi|153815930|ref|ZP_01968598.1|	78.95	19	4	0	190	134	412	430	4.5	34.7
GSTQT8304EGS16	gi|225405534|ref|ZP_03760723.1|	70.97	31	9	0	94	2	3	33	0.006	44.3
GSTQT8304EGS16	gi|225405534|ref|ZP_03760723.1|	78.95	19	4	0	190	134	419	437	3.5	35.0
GSTQT8304EGS16	gi|319422803|gb|ADV49912.1|	100.00	19	0	0	190	134	492	510	0.010	43.5
GSTQT8304EGS16	gi|315223813|ref|ZP_07865662.1|	100.00	19	0	0	190	134	497	515	0.010	43.5
GSTQT8304EGS16	gi|313157960|gb|EFR57366.1|	100.00	19	0	0	190	134	501	519	0.010	43.5
GSTQT8304EGS16	gi|313677722|ref|YP_004055718.1|	100.00	19	0	0	190	134	491	509	0.010	43.5
GSTQT8304EGS16	gi|313204026|ref|YP_004042683.1|	100.00	19	0	0	190	134	487	505	0.010	43.5
GSTQT8304EGS16	gi|312129946|ref|YP_003997286.1|	100.00	19	0	0	190	134	490	508	0.010	43.5
GSTQT8304EGS16	gi|308274755|emb|CBX31354.1|	100.00	19	0	0	190	134	167	185	0.010	43.5
GSTQT8304EGS16	gi|309790493|ref|ZP_07685053.1|	100.00	19	0	0	190	134	495	513	0.010	43.5
GSTQT8304EGS16	gi|301309337|ref|ZP_07215279.1|	100.00	19	0	0	190	134	488	506	0.010	43.5
GSTQT8304EGS16	gi|298506230|gb|ADI84953.1|	100.00	19	0	0	190	134	502	520	0.010	43.5
GSTQT8304EGS16	gi|295134753|ref|YP_003585429.1|	100.00	19	0	0	190	134	491	509	0.010	43.5
GSTQT8304EGS16	gi|291514449|emb|CBK63659.1|	100.00	19	0	0	190	134	490	508	0.010	43.5
GSTQT8304EGS16	gi|262383282|ref|ZP_06076418.1|	100.00	19	0	0	190	134	488	506	0.010	43.5
GSTQT8304EGS16	gi|301091051|ref|XP_002895718.1|	100.00	19	0	0	190	134	510	528	0.010	43.5
GSTQT8304EGS16	gi|255014182|ref|ZP_05286308.1|	100.00	19	0	0	190	134	488	506	0.010	43.5
GSTQT8304EGS16	gi|255021404|ref|ZP_05293452.1|	100.00	19	0	0	190	134	495	513	0.010	43.5
GSTQT8304EGS16	gi|255036457|ref|YP_003087078.1|	100.00	19	0	0	190	134	491	509	0.010	43.5
GSTQT8304EGS16	gi|237755401|ref|ZP_04584028.1|	100.00	19	0	0	190	134	493	511	0.010	43.5
GSTQT8304EGS16	gi|284037745|ref|YP_003387675.1|	100.00	19	0	0	190	134	492	510	0.010	43.5
GSTQT8304EGS16	gi|256820688|ref|YP_003141967.1|	100.00	19	0	0	190	134	497	515	0.010	43.5
GSTQT8304EGS16	gi|228472050|ref|ZP_04056818.1|	100.00	19	0	0	190	134	490	508	0.010	43.5
GSTQT8304EGS16	gi|226227156|ref|YP_002761262.1|	100.00	19	0	0	190	134	495	513	0.010	43.5
GSTQT8304EGS16	gi|260587030|ref|ZP_05852943.1|	84.62	26	4	0	79	2	1	26	0.010	43.5
GSTQT8304EGS16	gi|225848894|ref|YP_002729058.1|	100.00	19	0	0	190	134	493	511	0.010	43.5
GSTQT8304EGS16	gi|225012685|ref|ZP_03703120.1|	100.00	19	0	0	190	134	491	509	0.010	43.5
GSTQT8304EGS16	gi|223986315|ref|ZP_03636326.1|	84.62	26	4	0	79	2	1	26	0.010	43.5
GSTQT8304EGS16	gi|223986315|ref|ZP_03636326.1|	78.95	19	4	0	190	134	417	435	3.5	35.0
GSTQT8304EGS16	gi|218262620|ref|ZP_03477008.1|	100.00	19	0	0	190	134	488	506	0.010	43.5
GSTQT8304EGS16	gi|213962597|ref|ZP_03390859.1|	100.00	19	0	0	190	134	497	515	0.010	43.5
GSTQT8304EGS16	gi|189218261|ref|YP_001938903.1|	100.00	19	0	0	190	134	502	520	0.010	43.5
GSTQT8304EGS16	gi|188997529|ref|YP_001931780.1|	100.00	19	0	0	190	134	493	511	0.010	43.5
GSTQT8304EGS16	gi|167753427|ref|ZP_02425554.1|	100.00	19	0	0	190	134	493	511	0.010	43.5
GSTQT8304EGS16	gi|163755924|ref|ZP_02163041.1|	100.00	19	0	0	190	134	493	511	0.010	43.5
GSTQT8304EGS16	gi|163788006|ref|ZP_02182452.1|	100.00	19	0	0	190	134	493	511	0.010	43.5
GSTQT8304EGS16	gi|154493620|ref|ZP_02032940.1|	100.00	19	0	0	190	134	488	506	0.010	43.5
GSTQT8304EGS16	gi|150008447|ref|YP_001303190.1|	100.00	19	0	0	190	134	488	506	0.010	43.5
GSTQT8304EGS16	gi|150025936|ref|YP_001296762.1|	100.00	19	0	0	190	134	491	509	0.010	43.5
GSTQT8304EGS16	gi|149372156|ref|ZP_01891426.1|	100.00	19	0	0	190	134	491	509	0.010	43.5
GSTQT8304EGS16	gi|126661864|ref|ZP_01732863.1|	100.00	19	0	0	190	134	492	510	0.010	43.5
GSTQT8304EGS16	gi|311747869|ref|ZP_07721654.1|	100.00	19	0	0	190	134	491	509	0.010	43.5
GSTQT8304EGS16	gi|124004150|ref|ZP_01688996.1|	100.00	19	0	0	190	134	500	518	0.010	43.5
GSTQT8304EGS16	gi|156741720|ref|YP_001431849.1|	100.00	19	0	0	190	134	494	512	0.010	43.5
GSTQT8304EGS16	gi|219848571|ref|YP_002463004.1|	100.00	19	0	0	190	134	495	513	0.010	43.5
GSTQT8304EGS16	gi|120436574|ref|YP_862260.1|	100.00	19	0	0	190	134	491	509	0.010	43.5
GSTQT8304EGS16	gi|159899995|ref|YP_001546242.1|	100.00	19	0	0	190	134	496	514	0.010	43.5
GSTQT8304EGS16	gi|148656258|ref|YP_001276463.1|	100.00	19	0	0	190	134	494	512	0.010	43.5
GSTQT8304EGS16	gi|91215963|ref|ZP_01252932.1|	100.00	19	0	0	190	134	491	509	0.010	43.5
GSTQT8304EGS16	gi|146300132|ref|YP_001194723.1|	100.00	19	0	0	190	134	491	509	0.010	43.5
GSTQT8304EGS16	gi|89891429|ref|ZP_01202935.1|	100.00	19	0	0	190	134	493	511	0.010	43.5
GSTQT8304EGS16	gi|77918822|ref|YP_356637.1|	100.00	19	0	0	190	134	502	520	0.010	43.5
GSTQT8304EGS16	gi|78223495|ref|YP_385242.1|	100.00	19	0	0	190	134	502	520	0.010	43.5
GSTQT8304EGS16	gi|51244755|ref|YP_064639.1|	100.00	19	0	0	190	134	498	516	0.010	43.5
GSTQT8304EGS16	gi|39997292|ref|NP_953243.1|	100.00	19	0	0	190	134	502	520	0.010	43.5
GSTQT8304EGS16	gi|260062415|ref|YP_003195495.1|	100.00	19	0	0	190	134	491	509	0.010	43.5
GSTQT8304EGS16	gi|88802260|ref|ZP_01117787.1|	100.00	19	0	0	190	134	493	511	0.010	43.5
GSTQT8304EGS16	gi|305667734|ref|YP_003864021.1|	100.00	19	0	0	190	134	492	510	0.010	43.5
GSTQT8304EGS16	gi|86143063|ref|ZP_01061485.1|	100.00	19	0	0	190	134	497	515	0.010	43.5
GSTQT8304EGS16	gi|86134145|ref|ZP_01052727.1|	100.00	19	0	0	190	134	493	511	0.010	43.5
GSTQT8304EGS16	gi|86132328|ref|ZP_01050923.1|	100.00	19	0	0	190	134	497	515	0.010	43.5
GSTQT8304EGS16	gi|298206790|ref|YP_003714969.1|	100.00	19	0	0	190	134	491	509	0.010	43.5
GSTQT8304EGS16	gi|118580426|ref|YP_901676.1|	100.00	19	0	0	190	134	502	520	0.010	43.5
GSTQT8304EGS16	gi|110637346|ref|YP_677553.1|	100.00	19	0	0	190	134	491	509	0.010	43.5
GSTQT8304EGS16	gi|163846550|ref|YP_001634594.1|	100.00	19	0	0	190	134	495	513	0.010	43.5
GSTQT8304EGS16	gi|319418585|gb|ADV45695.1|	94.74	19	1	0	190	134	496	514	0.013	43.1
GSTQT8304EGS16	gi|315636879|ref|ZP_07892103.1|	94.74	19	1	0	190	134	493	511	0.013	43.1
GSTQT8304EGS16	gi|315309753|ref|ZP_07876892.1|	94.74	19	1	0	190	134	492	510	0.013	43.1
GSTQT8304EGS16	gi|313681460|ref|YP_004059198.1|	94.74	19	1	0	190	134	496	514	0.013	43.1
GSTQT8304EGS16	gi|313672100|ref|YP_004050211.1|	94.74	19	1	0	190	134	498	516	0.013	43.1
GSTQT8304EGS16	gi|312888753|ref|ZP_07748317.1|	94.74	19	1	0	190	134	491	509	0.013	43.1
GSTQT8304EGS16	gi|307721702|ref|YP_003892842.1|	94.74	19	1	0	190	134	498	516	0.013	43.1
GSTQT8304EL4Y3	gi|301310577|ref|ZP_07216516.1|	100.00	66	0	0	52	249	16	81	2e-38	 115
GSTQT8304EL4Y3	gi|301310577|ref|ZP_07216516.1|	96.00	25	1	0	254	328	84	108	2e-38	50.8
GSTQT8304EL4Y3	gi|301310577|ref|ZP_07216516.1|	100.00	17	0	0	8	58	1	17	2e-38	38.1
GSTQT8304EL4Y3	gi|262382044|ref|ZP_06075182.1|	100.00	66	0	0	52	249	16	81	2e-38	 115
GSTQT8304EL4Y3	gi|262382044|ref|ZP_06075182.1|	96.00	25	1	0	254	328	84	108	2e-38	50.8
GSTQT8304EL4Y3	gi|262382044|ref|ZP_06075182.1|	100.00	17	0	0	8	58	1	17	2e-38	38.1
GSTQT8304EL4Y3	gi|255013991|ref|ZP_05286117.1|	98.48	66	1	0	52	249	16	81	2e-38	 113
GSTQT8304EL4Y3	gi|255013991|ref|ZP_05286117.1|	100.00	25	0	0	254	328	84	108	2e-38	52.4
GSTQT8304EL4Y3	gi|255013991|ref|ZP_05286117.1|	100.00	17	0	0	8	58	1	17	2e-38	38.1
GSTQT8304EL4Y3	gi|150007421|ref|YP_001302164.1|	98.48	66	1	0	52	249	16	81	2e-38	 114
GSTQT8304EL4Y3	gi|150007421|ref|YP_001302164.1|	96.00	25	1	0	254	328	84	108	2e-38	50.8
GSTQT8304EL4Y3	gi|150007421|ref|YP_001302164.1|	100.00	17	0	0	8	58	1	17	2e-38	38.1
GSTQT8304EL4Y3	gi|154492564|ref|ZP_02032190.1|	46.88	64	34	1	55	246	17	78	2e-05	48.5
GSTQT8304EL4Y3	gi|154492564|ref|ZP_02032190.1|	41.18	17	10	0	8	58	1	17	2e-05	23.9
GSTQT8304EL4Y3	gi|301070260|gb|ADK55553.1|	40.00	55	28	1	312	163	29	83	0.52	37.7
GSTQT8304EL4Y3	gi|224049005|ref|XP_002191410.1|	40.00	55	28	1	312	163	29	83	0.52	37.7
GSTQT8304EL4Y3	gi|71997209|ref|NP_501339.2|	35.48	62	39	2	109	291	569	629	0.68	37.4
GSTQT8304EL4Y3	gi|292614721|ref|XP_002662355.1|	36.17	47	25	1	160	285	197	243	1.5	36.2
GSTQT8304EL4Y3	gi|163914793|ref|NP_001106415.1|	40.00	55	28	1	312	163	18	72	2.0	35.8
GSTQT8304EL4Y3	gi|189242350|ref|XP_967380.2|	34.78	46	30	1	169	306	82	125	2.6	35.4
GSTQT8304EL4Y3	gi|308491949|ref|XP_003108165.1|	32.26	62	41	2	109	291	588	648	3.4	35.0
GSTQT8304EL4Y3	gi|3983041|gb|AAC83771.1|	31.15	61	42	0	112	294	27	87	3.4	35.0
GSTQT8304EL4Y3	gi|268552777|ref|XP_002634371.1|	32.26	62	41	2	109	291	570	630	3.4	35.0
GSTQT8304EL4Y3	gi|309309194|gb|EFP85785.1|	24.05	79	60	0	238	2	182	260	3.4	35.0
GSTQT8304EL4Y3	gi|281200966|gb|EFA75180.1|	29.31	58	41	0	211	38	298	355	4.4	34.7
GSTQT8304EL4Y3	gi|319806481|gb|EFW03145.1|	29.82	57	40	0	106	276	180	236	5.8	34.3
GSTQT8304EL4Y3	gi|21898930|gb|AAM77185.1|	31.43	70	44	1	109	306	40	109	5.8	34.3
GSTQT8304EL4Y3	gi|224005627|ref|XP_002291774.1|	37.10	62	37	1	221	42	188	249	5.8	34.3
GSTQT8304EL4Y3	gi|312373594|gb|EFR21305.1|	27.12	59	43	1	181	5	278	335	7.6	33.9
GSTQT8304EL4Y3	gi|295662779|ref|XP_002791943.1|	43.59	39	22	0	229	113	196	234	7.6	33.9
GSTQT8304EL4Y3	gi|206895497|ref|YP_002247731.1|	40.91	44	26	1	121	252	873	908	9.9	33.5
GSTQT8304EL4Y3	gi|21539974|gb|AAM52971.1|	31.94	72	49	1	112	327	42	107	9.9	33.5
GSTQT8304EL4Y3	gi|3982965|gb|AAC83733.1|	31.82	66	44	1	112	306	33	98	9.9	33.5
GSTQT8304EL4Y3	gi|242013026|ref|XP_002427222.1|	28.40	81	42	2	202	8	89	168	9.9	33.5
GSTQT8304EJP1P	gi|15832736|ref|NP_311509.1|	100.00	72	0	0	330	115	89	160	2e-35	 151
GSTQT8304EJP1P	gi|110642780|ref|YP_670510.1|	98.61	72	1	0	330	115	89	160	6e-35	 150
GSTQT8304EJP1P	gi|227888186|ref|ZP_04005991.1|	98.61	72	1	0	330	115	89	160	9e-35	 149
GSTQT8304EJP1P	gi|15803140|ref|NP_289172.1|	98.61	72	1	0	330	115	89	160	9e-35	 149
GSTQT8304EJP1P	gi|283786239|ref|YP_003366104.1|	95.83	72	3	0	330	115	89	160	1e-33	 145
GSTQT8304EJP1P	gi|157148132|ref|YP_001455451.1|	95.83	72	3	0	330	115	89	160	1e-33	 145
GSTQT8304EJP1P	gi|62181258|ref|YP_217675.1|	94.44	72	4	0	330	115	104	175	2e-33	 145
GSTQT8304EJP1P	gi|16761540|ref|NP_457157.1|	94.44	72	4	0	330	115	89	160	2e-33	 145
GSTQT8304EJP1P	gi|311278422|ref|YP_003940653.1|	94.44	72	4	0	330	115	89	160	2e-33	 145
GSTQT8304EJP1P	gi|260598998|ref|YP_003211569.1|	94.44	72	4	0	330	115	89	160	3e-33	 144
GSTQT8304EJP1P	gi|283835671|ref|ZP_06355412.1|	93.06	72	5	0	330	115	89	160	5e-33	 144
GSTQT8304EJP1P	gi|237729535|ref|ZP_04560016.1|	93.06	72	5	0	330	115	102	173	5e-33	 144
GSTQT8304EJP1P	gi|187631660|sp|A9MGS5.2|SSRP_SALAR	93.06	72	5	0	330	115	89	160	7e-33	 143
GSTQT8304EJP1P	gi|161502216|ref|YP_001569328.1|	93.06	72	5	0	330	115	104	175	7e-33	 143
GSTQT8304EJP1P	gi|156932838|ref|YP_001436754.1|	91.67	72	6	0	330	115	89	160	9e-33	 143
GSTQT8304EJP1P	gi|253988750|ref|YP_003040106.1|	94.44	72	4	0	330	115	89	160	1e-32	 142
GSTQT8304EJP1P	gi|251790878|ref|YP_003005599.1|	93.06	72	5	0	330	115	89	160	2e-32	 142
GSTQT8304EJP1P	gi|242240626|ref|YP_002988807.1|	93.06	72	5	0	330	115	89	160	2e-32	 142
GSTQT8304EJP1P	gi|307129648|ref|YP_003881664.1|	91.67	72	6	0	330	115	89	160	2e-32	 142
GSTQT8304EJP1P	gi|37527252|ref|NP_930596.1|	93.06	72	5	0	330	115	89	160	3e-32	 141
GSTQT8304EJP1P	gi|213613352|ref|ZP_03371178.1|	92.86	70	5	0	324	115	1	70	3e-32	 141
GSTQT8304EJP1P	gi|187611500|sp|A4WDI4.2|SSRP_ENT38	90.28	72	7	0	330	115	89	160	6e-32	 140
GSTQT8304EJP1P	gi|146312741|ref|YP_001177815.1|	90.28	72	7	0	330	115	97	168	6e-32	 140
GSTQT8304EJP1P	gi|291618464|ref|YP_003521206.1|	88.89	72	8	0	330	115	89	160	1e-31	 139
GSTQT8304EJP1P	gi|183599799|ref|ZP_02961292.1|	90.28	72	7	0	330	115	89	160	1e-31	 139
GSTQT8304EJP1P	gi|296104290|ref|YP_003614436.1|	87.50	72	9	0	330	115	89	160	1e-31	 139
GSTQT8304EJP1P	gi|261342050|ref|ZP_05969908.1|	87.50	72	9	0	330	115	89	160	2e-31	 139
GSTQT8304EJP1P	gi|268593272|ref|ZP_06127493.1|	87.50	72	9	0	330	115	89	160	2e-31	 139
GSTQT8304EJP1P	gi|271499337|ref|YP_003332362.1|	91.67	72	6	0	330	115	89	160	2e-31	 138
GSTQT8304EJP1P	gi|261345463|ref|ZP_05973107.1|	87.50	72	9	0	330	115	89	160	2e-31	 138
GSTQT8304EJP1P	gi|212710686|ref|ZP_03318814.1|	87.50	72	9	0	330	115	89	160	2e-31	 138
GSTQT8304EJP1P	gi|152971469|ref|YP_001336578.1|	87.50	72	9	0	330	115	89	160	4e-31	 137
GSTQT8304EJP1P	gi|295097186|emb|CBK86276.1|	87.50	72	9	0	330	115	89	160	5e-31	 137
GSTQT8304EJP1P	gi|284006722|emb|CBA71979.1|	87.50	72	9	0	330	115	89	160	5e-31	 137
GSTQT8304EJP1P	gi|308187825|ref|YP_003931956.1|	86.11	72	10	0	330	115	89	160	6e-31	 137
GSTQT8304EJP1P	gi|300724097|ref|YP_003713414.1|	87.50	72	9	0	330	115	89	160	1e-30	 136
GSTQT8304EJP1P	gi|290476151|ref|YP_003469051.1|	88.89	72	8	0	330	115	89	160	1e-30	 136
GSTQT8304EJP1P	gi|304398638|ref|ZP_07380510.1|	84.72	72	11	0	330	115	89	160	2e-30	 135
GSTQT8304EJP1P	gi|317049198|ref|YP_004116846.1|	84.72	72	11	0	330	115	89	160	7e-30	 133
GSTQT8304EJP1P	gi|261820277|ref|YP_003258383.1|	86.11	72	10	0	330	115	89	160	9e-30	 133
GSTQT8304EJP1P	gi|85059782|ref|YP_455484.1|	86.11	72	10	0	330	115	89	160	2e-29	 132
GSTQT8304EJP1P	gi|227113537|ref|ZP_03827193.1|	84.72	72	11	0	330	115	89	160	2e-29	 132
GSTQT8304EJP1P	gi|226328164|ref|ZP_03803682.1|	81.94	72	13	0	330	115	89	160	2e-29	 132
GSTQT8304EJP1P	gi|253687124|ref|YP_003016314.1|	84.72	72	11	0	330	115	89	160	3e-29	 131
GSTQT8304EJP1P	gi|50119779|ref|YP_048946.1|	83.33	72	12	0	330	115	89	160	3e-29	 131
GSTQT8304EJP1P	gi|289803921|ref|ZP_06534550.1|	93.75	64	4	0	306	115	1	64	5e-29	 130
GSTQT8304EJP1P	gi|238784167|ref|ZP_04628180.1|	83.33	72	12	0	330	115	93	164	1e-28	 129
GSTQT8304EJP1P	gi|238750406|ref|ZP_04611907.1|	83.33	72	12	0	330	115	93	164	2e-28	 129
GSTQT8304EJP1P	gi|197285761|ref|YP_002151633.1|	80.56	72	14	0	330	115	89	160	2e-28	 129
GSTQT8304EJP1P	gi|238796717|ref|ZP_04640223.1|	83.33	72	12	0	330	115	93	164	2e-28	 129
GSTQT8304EJP1P	gi|51595479|ref|YP_069670.1|	81.94	72	13	0	330	115	89	160	3e-28	 128
GSTQT8304EJP1P	gi|22126955|ref|NP_670378.1|	81.94	72	13	0	330	115	93	164	3e-28	 128
GSTQT8304EJP1P	gi|238753942|ref|ZP_04615302.1|	81.94	72	13	0	330	115	93	164	4e-28	 127
GSTQT8304EJP1P	gi|238759660|ref|ZP_04620820.1|	81.94	72	13	0	330	115	93	164	4e-28	 127
GSTQT8304EJP1P	gi|238793792|ref|ZP_04637413.1|	81.94	72	13	0	330	115	93	164	4e-28	 127
GSTQT8304EJP1P	gi|238788244|ref|ZP_04632039.1|	80.56	72	14	0	330	115	93	164	4e-28	 127
GSTQT8304EJP1P	gi|304415297|ref|ZP_07395987.1|	76.39	72	17	0	330	115	103	174	9e-28	 126
GSTQT8304EJP1P	gi|293394809|ref|ZP_06639099.1|	81.94	72	13	0	330	115	89	160	1e-27	 126
GSTQT8304EJP1P	gi|238762776|ref|ZP_04623745.1|	80.56	72	14	0	330	115	5	76	1e-27	 126
GSTQT8304EJP1P	gi|165976288|ref|YP_001651881.1|	81.94	72	13	0	330	115	74	145	1e-27	 126
GSTQT8304EJP1P	gi|254361094|ref|ZP_04977239.1|	80.56	72	14	0	330	115	87	158	1e-27	 126
GSTQT8304EJP1P	gi|123441340|ref|YP_001005327.1|	80.56	72	14	0	330	115	89	160	1e-27	 126
GSTQT8304EJP1P	gi|152978554|ref|YP_001344183.1|	79.17	72	15	0	330	115	88	159	1e-27	 126
GSTQT8304EJP1P	gi|32033509|ref|ZP_00133836.1|	81.94	72	13	0	330	115	87	158	1e-27	 126
GSTQT8304EJP1P	gi|310764837|gb|ADP09787.1|	76.39	72	17	0	330	115	89	160	1e-27	 125
GSTQT8304EJP1P	gi|283477505|emb|CAY73421.1|	76.39	72	17	0	330	115	102	173	1e-27	 125
GSTQT8304EJP1P	gi|259907658|ref|YP_002648014.1|	76.39	72	17	0	330	115	89	160	1e-27	 125
GSTQT8304EJP1P	gi|307245731|ref|ZP_07527817.1|	79.17	72	15	0	330	115	87	158	2e-27	 125
GSTQT8304EJP1P	gi|219870882|ref|YP_002475257.1|	80.56	72	14	0	330	115	87	158	2e-27	 125
GSTQT8304EJP1P	gi|167855514|ref|ZP_02478277.1|	80.56	72	14	0	330	115	87	158	2e-27	 125
GSTQT8304EJP1P	gi|270265321|ref|ZP_06193582.1|	79.17	72	15	0	330	115	89	160	3e-27	 124
GSTQT8304EJP1P	gi|213586761|ref|ZP_03368587.1|	91.80	61	5	0	297	115	1	61	3e-27	 124
GSTQT8304EJP1P	gi|157371925|ref|YP_001479914.1|	79.17	72	15	0	330	115	89	160	3e-27	 124
GSTQT8304EJP1P	gi|52425560|ref|YP_088697.1|	76.39	72	17	0	330	115	91	162	4e-27	 124
GSTQT8304EJP1P	gi|61216473|sp|Q65SE8.2|SSRP_MANSM	76.39	72	17	0	330	115	88	159	4e-27	 124
GSTQT8304EJP1P	gi|33152254|ref|NP_873607.1|	81.94	72	13	0	330	115	87	158	4e-27	 124
GSTQT8304EJP1P	gi|260914395|ref|ZP_05920864.1|	81.43	70	13	0	330	121	88	157	6e-27	 124
GSTQT8304EJP1P	gi|292489114|ref|YP_003532001.1|	75.00	72	18	0	330	115	102	173	9e-27	 123
GSTQT8304EJP1P	gi|292900233|ref|YP_003539602.1|	75.00	72	18	0	330	115	89	160	9e-27	 123
GSTQT8304EJP1P	gi|257465420|ref|ZP_05629791.1|	80.56	72	14	0	330	115	87	158	2e-26	 122
GSTQT8304EJP1P	gi|240949609|ref|ZP_04753944.1|	80.56	72	14	0	330	115	87	158	2e-26	 122
GSTQT8304EJP1P	gi|145638197|ref|ZP_01793807.1|	77.78	72	16	0	330	115	88	159	2e-26	 122
GSTQT8304EJP1P	gi|301169706|emb|CBW29307.1|	77.78	72	16	0	330	115	88	159	2e-26	 122
GSTQT8304EJP1P	gi|238897904|ref|YP_002923583.1|	75.00	72	18	0	330	115	89	160	2e-26	 122
GSTQT8304EJP1P	gi|145634157|ref|ZP_01789868.1|	77.78	72	16	0	330	115	88	159	2e-26	 122
GSTQT8304EJP1P	gi|145640651|ref|ZP_01796234.1|	77.78	72	16	0	330	115	46	117	2e-26	 122
GSTQT8304EJP1P	gi|16272919|ref|NP_439144.1|	77.78	72	16	0	330	115	88	159	2e-26	 122
GSTQT8304EJP1P	gi|301154814|emb|CBW14277.1|	75.00	72	18	0	330	115	88	159	3e-26	 121
GSTQT8304EJP1P	gi|188533118|ref|YP_001906915.1|	73.61	72	19	0	330	115	89	160	3e-26	 121
GSTQT8304EJP1P	gi|317490999|ref|ZP_07949435.1|	75.00	72	18	0	330	115	102	173	5e-26	 120
GSTQT8304EJP1P	gi|251793094|ref|YP_003007820.1|	77.78	72	16	0	330	115	88	159	6e-26	 120
GSTQT8304EJP1P	gi|238920940|ref|YP_002934455.1|	76.39	72	17	0	330	115	89	160	8e-26	 120
GSTQT8304EJP1P	gi|294637633|ref|ZP_06715912.1|	75.00	72	18	0	330	115	89	160	1e-25	 119
GSTQT8304EJP1P	gi|269140086|ref|YP_003296787.1|	76.39	72	17	0	330	115	89	160	1e-25	 119
GSTQT8304EJP1P	gi|315634748|ref|ZP_07890031.1|	75.00	72	18	0	330	115	88	159	2e-25	 118
GSTQT8304EJP1P	gi|300718006|ref|YP_003742809.1|	73.61	72	19	0	330	115	89	160	3e-25	 118
GSTQT8304EJP1P	gi|15602082|ref|NP_245154.1|	77.14	70	16	0	330	121	88	157	3e-25	 118
GSTQT8304EO018	gi|150009432|ref|YP_001304175.1|	100.00	51	0	0	329	177	319	369	2e-47	 107
GSTQT8304EO018	gi|150009432|ref|YP_001304175.1|	92.45	53	4	0	160	2	376	428	2e-47	 105
GSTQT8304EO018	gi|298377781|ref|ZP_06987731.1|	98.04	51	1	0	329	177	319	369	7e-47	 105
GSTQT8304EO018	gi|298377781|ref|ZP_06987731.1|	92.45	53	4	0	160	2	376	428	7e-47	 105
GSTQT8304EO018	gi|301308611|ref|ZP_07214564.1|	92.45	53	4	0	160	2	376	428	2e-46	 105
GSTQT8304EO018	gi|301308611|ref|ZP_07214564.1|	96.08	51	2	0	329	177	319	369	2e-46	 103
GSTQT8304EO018	gi|262384641|ref|ZP_06077774.1|	98.04	51	1	0	329	177	319	369	2e-46	 105
GSTQT8304EO018	gi|262384641|ref|ZP_06077774.1|	90.57	53	5	0	160	2	376	428	2e-46	 104
GSTQT8304EO018	gi|218258381|ref|ZP_03474773.1|	68.63	51	16	0	329	177	304	354	7e-29	78.2
GSTQT8304EO018	gi|218258381|ref|ZP_03474773.1|	58.49	53	22	0	160	2	361	413	7e-29	73.2
GSTQT8304EO018	gi|154489932|ref|ZP_02030193.1|	68.63	51	16	0	329	177	319	369	2e-28	78.2
GSTQT8304EO018	gi|154489932|ref|ZP_02030193.1|	56.60	53	23	0	160	2	376	428	2e-28	71.6
GSTQT8304EO018	gi|255010226|ref|ZP_05282352.1|	43.40	53	30	0	160	2	388	440	3e-16	54.7
GSTQT8304EO018	gi|255010226|ref|ZP_05282352.1|	53.85	39	18	0	302	186	338	376	3e-16	54.3
GSTQT8304EO018	gi|265764883|ref|ZP_06093158.1|	43.40	53	30	0	160	2	388	440	8e-16	54.7
GSTQT8304EO018	gi|265764883|ref|ZP_06093158.1|	51.28	39	19	0	302	186	338	376	8e-16	52.8
GSTQT8304EO018	gi|53711484|ref|YP_097476.1|	43.40	53	30	0	160	2	388	440	8e-16	54.7
GSTQT8304EO018	gi|53711484|ref|YP_097476.1|	51.28	39	19	0	302	186	338	376	8e-16	52.8
GSTQT8304EO018	gi|167764084|ref|ZP_02436211.1|	44.68	47	26	0	326	186	324	370	2e-15	54.3
GSTQT8304EO018	gi|167764084|ref|ZP_02436211.1|	39.62	53	32	0	160	2	397	449	2e-15	51.6
GSTQT8304EO018	gi|299147016|ref|ZP_07040083.1|	42.55	47	27	0	329	189	321	367	5e-14	51.6
GSTQT8304EO018	gi|299147016|ref|ZP_07040083.1|	37.74	53	33	0	160	2	388	440	5e-14	49.7
GSTQT8304EO018	gi|153807255|ref|ZP_01959923.1|	37.74	53	33	0	160	2	386	438	5e-14	51.6
GSTQT8304EO018	gi|153807255|ref|ZP_01959923.1|	52.63	38	18	0	302	189	330	367	5e-14	49.7
GSTQT8304EO018	gi|218131782|ref|ZP_03460586.1|	42.55	47	27	0	326	186	324	370	1e-13	51.6
GSTQT8304EO018	gi|218131782|ref|ZP_03460586.1|	35.85	53	34	0	160	2	397	449	1e-13	48.1
GSTQT8304EO018	gi|294805832|ref|ZP_06764707.1|	42.55	47	27	0	329	189	334	380	1e-13	51.6
GSTQT8304EO018	gi|294805832|ref|ZP_06764707.1|	37.74	53	33	0	160	2	401	453	1e-13	48.1
GSTQT8304EO018	gi|293372179|ref|ZP_06618567.1|	42.55	47	27	0	329	189	334	380	1e-13	51.6
GSTQT8304EO018	gi|293372179|ref|ZP_06618567.1|	37.74	53	33	0	160	2	401	453	1e-13	48.1
GSTQT8304EO018	gi|237716755|ref|ZP_04547236.1|	42.55	47	27	0	329	189	321	367	1e-13	51.6
GSTQT8304EO018	gi|237716755|ref|ZP_04547236.1|	37.74	53	33	0	160	2	388	440	1e-13	48.1
GSTQT8304EO018	gi|160884007|ref|ZP_02065010.1|	42.55	47	27	0	329	189	321	367	1e-13	51.6
GSTQT8304EO018	gi|160884007|ref|ZP_02065010.1|	37.74	53	33	0	160	2	388	440	1e-13	48.1
GSTQT8304EO018	gi|294647594|ref|ZP_06725166.1|	42.55	47	27	0	329	189	334	380	1e-13	51.6
GSTQT8304EO018	gi|294647594|ref|ZP_06725166.1|	37.74	53	33	0	160	2	401	453	1e-13	48.1
GSTQT8304EO018	gi|298387112|ref|ZP_06996666.1|	41.67	48	28	0	329	186	321	368	3e-13	52.4
GSTQT8304EO018	gi|298387112|ref|ZP_06996666.1|	37.74	53	33	0	160	2	388	440	3e-13	46.2
GSTQT8304EO018	gi|29348750|ref|NP_812253.1|	41.67	48	28	0	329	186	321	368	3e-13	52.4
GSTQT8304EO018	gi|29348750|ref|NP_812253.1|	37.74	53	33	0	160	2	388	440	3e-13	46.2
GSTQT8304EO018	gi|160888591|ref|ZP_02069594.1|	43.48	46	26	0	326	189	324	369	1e-12	50.8
GSTQT8304EO018	gi|160888591|ref|ZP_02069594.1|	39.29	56	31	1	160	2	398	453	1e-12	45.8
GSTQT8304EO018	gi|270294940|ref|ZP_06201141.1|	43.48	46	26	0	326	189	324	369	1e-12	50.8
GSTQT8304EO018	gi|270294940|ref|ZP_06201141.1|	39.29	56	31	1	160	2	396	451	1e-12	45.8
GSTQT8304EO018	gi|317477938|ref|ZP_07937121.1|	43.48	46	26	0	326	189	315	360	1e-12	50.8
GSTQT8304EO018	gi|317477938|ref|ZP_07937121.1|	39.29	56	31	1	160	2	389	444	1e-12	45.8
GSTQT8304EO018	gi|255692891|ref|ZP_05416566.1|	40.43	47	28	0	329	189	321	367	3e-12	48.5
GSTQT8304EO018	gi|255692891|ref|ZP_05416566.1|	33.96	53	35	0	160	2	388	440	3e-12	46.6
GSTQT8304EO018	gi|224536748|ref|ZP_03677287.1|	51.28	39	19	0	302	186	323	361	3e-11	50.8
GSTQT8304EO018	gi|224536748|ref|ZP_03677287.1|	35.85	53	34	0	160	2	391	443	3e-11	40.8
GSTQT8304EO018	gi|319640173|ref|ZP_07994899.1|	40.43	47	28	0	329	189	313	359	1e-10	51.6
GSTQT8304EO018	gi|319640173|ref|ZP_07994899.1|	32.73	55	35	1	160	2	386	440	1e-10	38.5
GSTQT8304EO018	gi|254881163|ref|ZP_05253873.1|	40.43	47	28	0	329	189	313	359	1e-10	51.6
GSTQT8304EO018	gi|254881163|ref|ZP_05253873.1|	32.73	55	35	1	160	2	386	440	1e-10	38.5
GSTQT8304EO018	gi|150003609|ref|YP_001298353.1|	40.43	47	28	0	329	189	313	359	1e-10	51.6
GSTQT8304EO018	gi|150003609|ref|YP_001298353.1|	32.73	55	35	1	160	2	386	440	1e-10	38.5
GSTQT8304EO018	gi|189465029|ref|ZP_03013814.1|	48.72	39	20	0	302	186	323	361	1e-10	47.8
GSTQT8304EO018	gi|189465029|ref|ZP_03013814.1|	35.85	53	34	0	160	2	391	443	1e-10	42.4
GSTQT8304EO018	gi|265752874|ref|ZP_06088443.1|	40.43	47	28	0	329	189	313	359	1e-10	51.6
GSTQT8304EO018	gi|265752874|ref|ZP_06088443.1|	30.91	55	36	1	160	2	386	440	1e-10	38.1
GSTQT8304EO018	gi|212692262|ref|ZP_03300390.1|	40.43	47	28	0	329	189	313	359	1e-10	51.6
GSTQT8304EO018	gi|212692262|ref|ZP_03300390.1|	30.91	55	36	1	160	2	386	440	1e-10	38.1
GSTQT8304EO018	gi|294777582|ref|ZP_06743033.1|	40.43	47	28	0	329	189	313	359	3e-10	51.6
GSTQT8304EO018	gi|294777582|ref|ZP_06743033.1|	30.91	55	36	1	160	2	386	440	3e-10	37.0
GSTQT8304EO018	gi|298372515|ref|ZP_06982505.1|	42.55	47	27	0	329	189	330	376	2e-06	47.4
GSTQT8304EO018	gi|298372515|ref|ZP_06982505.1|	28.85	52	37	0	157	2	386	437	2e-06	28.5
GSTQT8304EO018	gi|224025531|ref|ZP_03643897.1|	31.25	48	33	0	329	186	316	363	3e-06	43.1
GSTQT8304EO018	gi|224025531|ref|ZP_03643897.1|	28.30	53	38	0	160	2	390	442	3e-06	32.0
GSTQT8304EO018	gi|300727557|ref|ZP_07060948.1|	37.50	48	30	0	329	186	312	359	5e-06	47.4
GSTQT8304EO018	gi|300727557|ref|ZP_07060948.1|	26.92	52	35	1	157	11	386	437	5e-06	26.6
GSTQT8304EO018	gi|188995891|ref|YP_001930143.1|	58.54	41	17	0	308	186	353	393	2e-05	52.8
GSTQT8304EO018	gi|34539951|ref|NP_904430.1|	58.54	41	17	0	308	186	417	457	2e-05	52.8
GSTQT8304EO018	gi|294675188|ref|YP_003575804.1|	45.83	48	26	0	329	186	309	356	2e-05	52.4
GSTQT8304EO018	gi|317474603|ref|ZP_07933877.1|	42.55	47	27	0	326	186	324	370	4e-05	51.6
GSTQT8304EO018	gi|189462279|ref|ZP_03011064.1|	35.00	40	26	0	305	186	321	360	7e-05	39.7
GSTQT8304EO018	gi|189462279|ref|ZP_03011064.1|	31.11	45	29	1	160	32	385	429	7e-05	30.4
GSTQT8304EO018	gi|319900448|ref|YP_004160176.1|	34.67	75	49	0	302	78	323	397	1e-04	49.7
GSTQT8304EO018	gi|319900448|ref|YP_004160176.1|	43.64	55	29	1	160	2	388	442	2e-04	49.3
GSTQT8304EO018	gi|313205491|ref|YP_004044148.1|	52.78	36	17	0	296	189	326	361	4e-04	48.1
GSTQT8304EO018	gi|281421657|ref|ZP_06252656.1|	41.67	48	28	0	329	186	323	370	4e-04	48.1
GSTQT8304EO018	gi|304383748|ref|ZP_07366207.1|	39.58	48	29	0	329	186	330	377	0.002	45.8
GSTQT8304EO018	gi|315606958|ref|ZP_07881964.1|	39.58	48	29	0	329	186	331	378	0.007	42.4
GSTQT8304EO018	gi|315606958|ref|ZP_07881964.1|	20.75	53	42	0	160	2	407	459	0.007	20.8
GSTQT8304EO018	gi|288925899|ref|ZP_06419829.1|	39.58	48	29	0	329	186	298	345	0.008	42.4
GSTQT8304EO018	gi|288925899|ref|ZP_06419829.1|	20.75	53	42	0	160	2	374	426	0.008	20.8
GSTQT8304EO018	gi|282858935|ref|ZP_06268075.1|	46.15	39	21	0	302	186	341	379	0.012	43.1
GSTQT8304EO018	gi|307564738|ref|ZP_07627266.1|	43.59	39	22	0	302	186	339	377	0.016	42.7
GSTQT8304EO018	gi|260910735|ref|ZP_05917393.1|	41.03	39	23	0	302	186	341	379	0.021	42.4
GSTQT8304EO018	gi|317504373|ref|ZP_07962357.1|	46.15	39	21	0	302	186	374	412	0.028	42.0
GSTQT8304EO018	gi|282877281|ref|ZP_06286113.1|	40.43	47	28	0	329	189	333	379	0.028	42.0
GSTQT8304EO018	gi|299142050|ref|ZP_07035184.1|	43.59	39	22	0	302	186	312	350	0.036	41.6
GSTQT8304EO018	gi|281424782|ref|ZP_06255695.1|	43.59	39	22	0	302	186	341	379	0.036	41.6
GSTQT8304EO018	gi|282881238|ref|ZP_06289925.1|	38.30	47	29	0	329	189	334	380	0.036	41.6
GSTQT8304EO018	gi|229495596|ref|ZP_04389329.1|	42.55	47	27	0	326	186	340	386	0.062	40.8
GSTQT8304EO018	gi|198275416|ref|ZP_03207947.1|	29.17	48	34	0	329	186	314	361	0.081	40.4
GSTQT8304EO018	gi|270339591|ref|ZP_06005336.2|	31.91	47	32	0	329	189	347	393	0.11	40.0
GSTQT8304EO018	gi|260591955|ref|ZP_05857413.1|	43.59	39	22	0	302	186	322	360	0.11	40.0
GSTQT8304EO018	gi|303238003|ref|ZP_07324546.1|	41.03	39	23	0	302	186	330	368	0.24	38.9
GSTQT8304EO018	gi|288799908|ref|ZP_06405367.1|	29.79	47	33	0	329	189	290	336	0.31	38.5
GSTQT8304EO018	gi|302344808|ref|YP_003813161.1|	43.24	37	21	0	296	186	354	390	0.31	38.5
GSTQT8304EO018	gi|288801792|ref|ZP_06407234.1|	43.24	37	21	0	296	186	301	337	0.53	37.7
GSTQT8304EO018	gi|288928740|ref|ZP_06422586.1|	35.90	39	25	0	302	186	300	338	0.69	37.4
GSTQT8304D8NRW	gi|312973014|ref|ZP_07787187.1|	98.80	83	1	0	1	249	87	169	7e-32	 140
GSTQT8304D8NRW	gi|307139456|ref|ZP_07498812.1|	98.80	83	1	0	1	249	94	176	7e-32	 140
GSTQT8304D8NRW	gi|300921446|ref|ZP_07137802.1|	98.80	83	1	0	1	249	118	200	7e-32	 140
GSTQT8304D8NRW	gi|297519490|ref|ZP_06937876.1|	98.80	83	1	0	1	249	94	176	7e-32	 140
GSTQT8304D8NRW	gi|293416017|ref|ZP_06658657.1|	98.80	83	1	0	1	249	94	176	7e-32	 140
GSTQT8304D8NRW	gi|293449097|ref|ZP_06663518.1|	98.80	83	1	0	1	249	87	169	7e-32	 140
GSTQT8304D8NRW	gi|256024727|ref|ZP_05438592.1|	97.59	83	2	0	1	249	118	200	7e-32	 140
GSTQT8304D8NRW	gi|218701255|ref|YP_002408884.1|	98.80	83	1	0	1	249	94	176	7e-32	 140
GSTQT8304D8NRW	gi|193065024|ref|ZP_03046099.1|	97.59	83	2	0	1	249	94	176	7e-32	 140
GSTQT8304D8NRW	gi|170765733|ref|ZP_02900544.1|	98.80	83	1	0	1	249	94	176	7e-32	 140
GSTQT8304D8NRW	gi|170681816|ref|YP_001744924.1|	98.80	83	1	0	1	249	94	176	7e-32	 140
GSTQT8304D8NRW	gi|110806559|ref|YP_690079.1|	98.80	83	1	0	1	249	94	176	7e-32	 140
GSTQT8304D8NRW	gi|74313341|ref|YP_311760.1|	98.80	83	1	0	1	249	118	200	7e-32	 140
GSTQT8304D8NRW	gi|24114058|ref|NP_708568.1|	98.80	83	1	0	1	249	118	200	7e-32	 140
GSTQT8304D8NRW	gi|89109558|ref|AP_003338.1|	98.80	83	1	0	1	249	94	176	7e-32	 140
GSTQT8304D8NRW	gi|194438939|ref|ZP_03071023.1|	98.80	83	1	0	1	249	118	200	7e-32	 140
GSTQT8304D8NRW	gi|194427874|ref|ZP_03060420.1|	97.59	83	2	0	1	249	118	200	7e-32	 140
GSTQT8304D8NRW	gi|193069674|ref|ZP_03050626.1|	98.80	83	1	0	1	249	118	200	7e-32	 140
GSTQT8304D8NRW	gi|291284098|ref|YP_003500916.1|	97.59	83	2	0	1	249	118	200	1e-31	 139
GSTQT8304D8NRW	gi|15804979|ref|NP_289322.1|	97.59	83	2	0	1	249	118	200	1e-31	 139
GSTQT8304D8NRW	gi|217327795|ref|ZP_03443878.1|	97.59	83	2	0	1	249	118	200	1e-31	 139
GSTQT8304D8NRW	gi|194431646|ref|ZP_03063937.1|	97.59	83	2	0	1	249	94	176	2e-31	 138
GSTQT8304D8NRW	gi|315298742|gb|EFU57996.1|	97.59	83	2	0	1	249	118	200	3e-31	 138
GSTQT8304D8NRW	gi|307227058|ref|ZP_07513469.1|	97.59	83	2	0	1	249	94	176	3e-31	 138
GSTQT8304D8NRW	gi|307222643|ref|ZP_07509067.1|	97.59	83	2	0	1	249	118	200	3e-31	 138
GSTQT8304D8NRW	gi|307145193|ref|ZP_07503625.1|	97.59	83	2	0	1	249	118	200	3e-31	 138
GSTQT8304D8NRW	gi|306812355|ref|ZP_07446553.1|	97.59	83	2	0	1	249	94	176	3e-31	 138
GSTQT8304D8NRW	gi|300900985|ref|ZP_07119111.1|	97.59	83	2	0	1	249	118	200	3e-31	 138
GSTQT8304D8NRW	gi|293412119|ref|ZP_06654842.1|	97.59	83	2	0	1	249	89	171	3e-31	 138
GSTQT8304D8NRW	gi|284922708|emb|CBG35796.1|	97.59	83	2	0	1	249	118	200	3e-31	 138
GSTQT8304D8NRW	gi|281179770|dbj|BAI56100.1|	97.59	83	2	0	1	249	118	200	3e-31	 138
GSTQT8304D8NRW	gi|218706267|ref|YP_002413786.1|	97.59	83	2	0	1	249	94	176	3e-31	 138
GSTQT8304D8NRW	gi|218690891|ref|YP_002399103.1|	97.59	83	2	0	1	249	94	176	3e-31	 138
GSTQT8304D8NRW	gi|215488084|ref|YP_002330515.1|	97.59	83	2	0	1	249	94	176	3e-31	 138
GSTQT8304D8NRW	gi|110642905|ref|YP_670635.1|	97.59	83	2	0	1	249	94	176	3e-31	 138
GSTQT8304D8NRW	gi|300976256|ref|ZP_07173353.1|	97.59	83	2	0	1	249	118	200	3e-31	 138
GSTQT8304D8NRW	gi|26249168|ref|NP_755208.1|	97.59	83	2	0	1	249	118	200	3e-31	 138
GSTQT8304D8NRW	gi|307561490|ref|ZP_07625257.1|	96.39	83	3	0	1	249	94	176	4e-31	 137
GSTQT8304D8NRW	gi|307350491|ref|ZP_07620096.1|	96.39	83	3	0	1	249	118	200	4e-31	 137
GSTQT8304D8NRW	gi|218559757|ref|YP_002392670.1|	96.39	83	3	0	1	249	94	176	4e-31	 137
GSTQT8304D8NRW	gi|157162221|ref|YP_001459539.1|	97.59	83	2	0	1	249	94	176	4e-31	 137
GSTQT8304D8NRW	gi|117624998|ref|YP_853986.1|	96.39	83	3	0	1	249	118	200	4e-31	 137
GSTQT8304D8NRW	gi|91212132|ref|YP_542118.1|	96.39	83	3	0	1	249	118	200	4e-31	 137
GSTQT8304D8NRW	gi|301027218|ref|ZP_07190581.1|	93.98	83	5	0	1	249	118	200	2e-30	 135
GSTQT8304D8NRW	gi|300936420|ref|ZP_07151341.1|	95.18	83	4	0	1	249	87	169	3e-30	 134
GSTQT8304D8NRW	gi|291086246|ref|ZP_06355201.2|	93.98	83	5	0	1	249	87	169	5e-30	 134
GSTQT8304D8NRW	gi|309786137|ref|ZP_07680765.1|	95.18	83	4	0	1	249	89	171	1e-29	 132
GSTQT8304D8NRW	gi|82778139|ref|YP_404488.1|	95.18	83	4	0	1	249	118	200	1e-29	 132
GSTQT8304D8NRW	gi|157148310|ref|YP_001455629.1|	89.16	83	9	0	1	249	87	169	2e-28	 128
GSTQT8304D8NRW	gi|270490276|ref|ZP_06207350.1|	72.29	83	23	0	1	249	97	179	1e-22	 109
GSTQT8304D8NRW	gi|186895901|ref|YP_001873013.1|	72.29	83	23	0	1	249	97	179	1e-22	 109
GSTQT8304D8NRW	gi|170023893|ref|YP_001720398.1|	72.29	83	23	0	1	249	97	179	1e-22	 109
GSTQT8304D8NRW	gi|153949020|ref|YP_001400521.1|	72.29	83	23	0	1	249	97	179	1e-22	 109
GSTQT8304D8NRW	gi|51596823|ref|YP_071014.1|	72.29	83	23	0	1	249	97	179	1e-22	 109
GSTQT8304D8NRW	gi|22125624|ref|NP_669047.1|	72.29	83	23	0	1	249	97	179	1e-22	 109
GSTQT8304D8NRW	gi|162418553|ref|YP_001606214.1|	71.08	83	24	0	1	249	97	179	2e-22	 108
GSTQT8304D8NRW	gi|157370707|ref|YP_001478696.1|	71.08	83	24	0	1	249	97	179	4e-22	 107
GSTQT8304D8NRW	gi|282886438|ref|ZP_06295022.1|	60.24	83	33	0	1	249	116	198	1e-18	96.3
GSTQT8304D8NRW	gi|170690975|ref|ZP_02882141.1|	60.24	83	33	0	1	249	116	198	2e-18	95.5
GSTQT8304D8NRW	gi|289631537|ref|ZP_06463828.1|	57.83	83	35	0	1	249	116	198	2e-17	92.0
GSTQT8304D8NRW	gi|187921561|ref|YP_001890593.1|	59.04	83	34	0	1	249	116	198	2e-17	92.0
GSTQT8304D8NRW	gi|78063675|ref|YP_373583.1|	59.04	83	34	0	1	249	115	197	2e-16	89.4
GSTQT8304D8NRW	gi|221210682|ref|ZP_03583662.1|	57.83	83	35	0	1	249	102	184	1e-15	86.7
GSTQT8304D8NRW	gi|134101375|ref|YP_001107036.1|	50.60	83	41	0	1	249	105	187	3e-11	72.0
GSTQT8304D8NRW	gi|170769634|ref|ZP_02904087.1|	54.67	75	34	0	1	225	93	167	1e-09	66.2
GSTQT8304D8NRW	gi|318060677|ref|ZP_07979400.1|	62.86	70	26	0	1	210	104	173	2e-09	65.9
GSTQT8304D8NRW	gi|302523241|ref|ZP_07275583.1|	62.86	70	26	0	1	210	108	177	2e-09	65.9
GSTQT8304D8NRW	gi|307323472|ref|ZP_07602682.1|	58.57	70	29	0	1	210	111	180	7e-09	63.9
GSTQT8304D8NRW	gi|170722487|ref|YP_001750175.1|	41.98	81	47	0	7	249	107	187	1e-08	63.2
GSTQT8304D8NRW	gi|295835380|ref|ZP_06822313.1|	61.43	70	27	0	1	210	108	177	2e-08	62.8
GSTQT8304D8NRW	gi|297154960|gb|ADI04672.1|	46.84	79	42	0	13	249	91	169	6e-08	60.8
GSTQT8304D8NRW	gi|302539731|ref|ZP_07292073.1|	45.78	83	45	0	1	249	87	169	6e-08	60.8
GSTQT8304D8NRW	gi|258510729|ref|YP_003184163.1|	40.96	83	49	0	1	249	97	179	1e-07	59.7
GSTQT8304D8NRW	gi|224824407|ref|ZP_03697515.1|	40.00	80	48	0	7	246	107	186	5e-07	57.8
GSTQT8304D8NRW	gi|269217179|ref|ZP_06161033.1|	40.96	83	49	1	1	249	112	193	1e-06	56.6
GSTQT8304D8NRW	gi|226362781|ref|YP_002780559.1|	48.72	78	40	0	13	246	113	190	3e-06	55.1
GSTQT8304D8NRW	gi|118469078|ref|YP_887285.1|	49.06	53	27	0	91	249	133	185	5e-06	54.3
GSTQT8304D8NRW	gi|119383032|ref|YP_914088.1|	46.15	52	28	1	91	246	137	185	7e-06	53.9
GSTQT8304D8NRW	gi|303325717|ref|ZP_07356160.1|	42.68	82	47	0	4	249	101	182	9e-06	53.5
GSTQT8304D8NRW	gi|108805060|ref|YP_644997.1|	39.51	81	49	0	7	249	98	178	9e-06	53.5
GSTQT8304D8NRW	gi|226362083|ref|YP_002779861.1|	49.06	53	27	0	91	249	124	176	2e-05	52.8
GSTQT8304D8NRW	gi|220923148|ref|YP_002498450.1|	38.27	81	50	0	4	246	112	192	2e-05	52.8
GSTQT8304D8NRW	gi|38234822|ref|NP_940589.1|	44.00	50	28	0	100	249	135	184	2e-05	52.4
GSTQT8304D8NRW	gi|226363934|ref|YP_002781716.1|	39.76	83	50	1	1	249	101	182	3e-05	52.0
GSTQT8304D8NRW	gi|226362786|ref|YP_002780564.1|	43.21	81	46	0	4	246	100	180	4e-05	51.6
GSTQT8304D8NRW	gi|111019878|ref|YP_702850.1|	44.44	54	29	1	91	249	122	175	4e-05	51.6
GSTQT8304D8NRW	gi|297571906|ref|YP_003697680.1|	38.55	83	51	1	1	249	91	172	5e-05	51.2
GSTQT8304D8NRW	gi|257791576|ref|YP_003182182.1|	36.71	79	50	1	13	249	131	208	5e-05	51.2
GSTQT8304D8NRW	gi|307323464|ref|ZP_07602674.1|	40.74	81	48	1	7	249	108	187	8e-05	50.4
GSTQT8304D8NRW	gi|302540161|ref|ZP_07292503.1|	40.51	79	47	0	13	249	96	174	8e-05	50.4
GSTQT8304D8NRW	gi|226361830|ref|YP_002779608.1|	42.59	54	30	1	91	249	122	175	8e-05	50.4
GSTQT8304D8NRW	gi|307326952|ref|ZP_07606143.1|	39.51	81	49	0	7	249	94	174	1e-04	49.7
GSTQT8304D8NRW	gi|300780225|ref|ZP_07090081.1|	36.00	50	32	0	100	249	130	179	2e-04	49.3
GSTQT8304D8NRW	gi|78062223|ref|YP_372131.1|	42.59	54	30	1	91	249	124	177	2e-04	49.3
GSTQT8304D8NRW	gi|300742125|ref|ZP_07072146.1|	46.00	50	27	1	100	249	129	177	2e-04	48.9
GSTQT8304D8NRW	gi|300703096|ref|YP_003744698.1|	40.24	82	48	1	7	249	95	176	2e-04	48.9
GSTQT8304D8NRW	gi|207744268|ref|YP_002260660.1|	40.24	82	48	1	7	249	67	148	2e-04	48.9
GSTQT8304D8NRW	gi|207721624|ref|YP_002252063.1|	40.24	82	48	1	7	249	95	176	2e-04	48.9
GSTQT8304D8NRW	gi|83747276|ref|ZP_00944318.1|	40.24	82	48	1	7	249	95	176	2e-04	48.9
GSTQT8304D8NRW	gi|152967962|ref|YP_001363746.1|	40.00	50	30	0	100	249	130	179	2e-04	48.9
GSTQT8304EQ8IM	gi|29348683|ref|NP_812186.1|	39.58	96	58	3	13	300	287	375	3e-08	61.6
GSTQT8304EQ8IM	gi|253568972|ref|ZP_04846382.1|	37.93	87	54	1	13	273	294	379	8e-08	60.5
GSTQT8304EQ8IM	gi|298387051|ref|ZP_06996605.1|	34.48	87	56	3	7	264	296	376	0.004	44.7
GSTQT8304EQ8IM	gi|552196|gb|AAA29616.1|	25.64	78	57	1	241	11	19	96	0.028	42.0
GSTQT8304EQ8IM	gi|552196|gb|AAA29616.1|	24.36	78	58	1	241	11	9	86	2.6	35.4
GSTQT8304EQ8IM	gi|124507016|ref|XP_001352105.1|	24.05	79	60	3	241	5	547	619	0.53	37.7
GSTQT8304EQ8IM	gi|149247118|ref|XP_001527984.1|	36.36	55	35	1	238	74	355	401	0.69	37.4
GSTQT8304EQ8IM	gi|297182971|gb|ADI19118.1|	32.76	58	39	1	4	177	14	68	1.5	36.2
GSTQT8304EQ8IM	gi|153852855|ref|ZP_01994292.1|	29.35	92	56	3	16	264	9	95	1.5	36.2
GSTQT8304EQ8IM	gi|123530|sp|P04929.1|HRPX_PLALO	23.38	77	59	1	241	11	185	257	1.5	36.2
GSTQT8304EQ8IM	gi|123530|sp|P04929.1|HRPX_PLALO	23.38	77	59	2	241	11	175	236	5.8	34.3
GSTQT8304EQ8IM	gi|118096820|ref|XP_414318.2|	28.74	87	54	4	238	2	1151	1223	2.0	35.8
GSTQT8304EQ8IM	gi|66820991|ref|XP_644032.1|	24.68	77	58	1	241	11	82	157	2.0	35.8
GSTQT8304EQ8IM	gi|66820991|ref|XP_644032.1|	27.27	77	56	2	241	11	144	207	2.6	35.4
GSTQT8304EQ8IM	gi|156840767|ref|XP_001643762.1|	24.04	104	49	5	232	11	71	171	3.4	35.0
GSTQT8304EQ8IM	gi|304413650|ref|ZP_07395094.1|	38.78	49	30	3	67	213	147	189	4.4	34.7
GSTQT8304EQ8IM	gi|255576440|ref|XP_002529112.1|	30.30	66	46	2	208	11	90	140	4.4	34.7
GSTQT8304EQ8IM	gi|195454134|ref|XP_002074102.1|	41.94	31	18	0	241	149	583	613	4.4	34.7
GSTQT8304EQ8IM	gi|15805692|ref|NP_294388.1|	39.29	56	34	3	223	56	5	56	5.8	34.3
GSTQT8304EQ8IM	gi|189346543|ref|YP_001943072.1|	34.33	67	35	4	100	273	156	220	7.6	33.9
GSTQT8304EQ8IM	gi|167526106|ref|XP_001747387.1|	25.37	67	50	2	202	2	33	88	7.6	33.9
GSTQT8304EQ8IM	gi|85792090|gb|ABC84184.1|	34.92	63	36	2	229	56	144	205	7.6	33.9
GSTQT8304EQ8IM	gi|111226286|ref|XP_001134510.1|	25.97	77	57	2	241	11	69	138	7.6	33.9
GSTQT8304EQ8IM	gi|85792106|gb|ABC84185.1|	34.92	63	36	2	229	56	184	245	9.9	33.5
GSTQT8304EQ8IM	gi|118357714|ref|XP_001012105.1|	30.49	82	56	3	253	11	667	743	9.9	33.5
GSTQT8304EQ8IM	gi|56757825|gb|AAW27053.1|	35.42	48	24	1	244	122	99	146	9.9	33.5
GSTQT8304EQ8IM	gi|85110160|ref|XP_963292.1|	31.15	61	42	1	232	50	47	101	9.9	33.5
GSTQT8304D4C16	gi|262043032|ref|ZP_06016175.1|	100.00	99	0	0	2	298	509	607	1e-53	 209
GSTQT8304D4C16	gi|262043032|ref|ZP_06016175.1|	80.00	15	3	0	286	330	604	618	1e-53	25.0
GSTQT8304D4C16	gi|238894300|ref|YP_002919034.1|	100.00	99	0	0	2	298	509	607	1e-53	 209
GSTQT8304D4C16	gi|238894300|ref|YP_002919034.1|	80.00	15	3	0	286	330	604	618	1e-53	25.0
GSTQT8304D4C16	gi|152969798|ref|YP_001334907.1|	100.00	99	0	0	2	298	488	586	1e-53	 209
GSTQT8304D4C16	gi|152969798|ref|YP_001334907.1|	80.00	15	3	0	286	330	583	597	1e-53	25.0
GSTQT8304D4C16	gi|290512924|ref|ZP_06552288.1|	98.99	99	1	0	2	298	488	586	4e-53	 207
GSTQT8304D4C16	gi|290512924|ref|ZP_06552288.1|	80.00	15	3	0	286	330	583	597	4e-53	25.0
GSTQT8304D4C16	gi|206576655|ref|YP_002239023.1|	98.99	99	1	0	2	298	488	586	4e-53	 207
GSTQT8304D4C16	gi|206576655|ref|YP_002239023.1|	80.00	15	3	0	286	330	583	597	4e-53	25.0
GSTQT8304D4C16	gi|298717457|ref|YP_003730099.1|	77.78	99	22	0	2	298	485	583	5e-42	 174
GSTQT8304D4C16	gi|317054415|ref|YP_004118440.1|	74.75	99	25	0	2	298	491	589	3e-40	 168
GSTQT8304D4C16	gi|156933726|ref|YP_001437642.1|	74.75	99	25	1	2	298	490	587	1e-37	 159
GSTQT8304D4C16	gi|260598159|ref|YP_003210730.1|	72.73	99	27	1	2	298	452	549	8e-37	 156
GSTQT8304D4C16	gi|295096493|emb|CBK85583.1|	68.37	98	31	0	2	295	486	583	1e-33	 146
GSTQT8304D4C16	gi|288550095|ref|ZP_05969267.2|	68.37	98	31	0	2	295	486	583	1e-33	 146
GSTQT8304D4C16	gi|315419688|gb|ADU15774.1|	66.33	98	33	0	2	295	7	104	2e-33	 145
GSTQT8304D4C16	gi|315285565|gb|EFU45007.1|	66.33	98	33	0	2	295	485	582	2e-33	 145
GSTQT8304D4C16	gi|309786805|ref|ZP_07681425.1|	66.33	98	33	0	2	295	450	547	2e-33	 145
GSTQT8304D4C16	gi|307563028|ref|ZP_07626795.1|	66.33	98	33	0	2	295	485	582	2e-33	 145
GSTQT8304D4C16	gi|300905681|ref|ZP_07123420.1|	66.33	98	33	0	2	295	482	579	2e-33	 145
GSTQT8304D4C16	gi|306812503|ref|ZP_07446696.1|	66.33	98	33	0	2	295	485	582	2e-33	 145
GSTQT8304D4C16	gi|227888028|ref|ZP_04005833.1|	66.33	98	33	0	2	295	485	582	2e-33	 145
GSTQT8304D4C16	gi|38194523|gb|AAR13270.1|	66.33	98	33	0	2	295	485	582	2e-33	 145
GSTQT8304D4C16	gi|82776329|ref|YP_402678.1|	66.33	98	33	0	2	295	485	582	2e-33	 145
GSTQT8304D4C16	gi|84060900|ref|YP_444110.1|	66.33	98	33	0	2	295	485	582	2e-33	 145
GSTQT8304D4C16	gi|26247124|ref|NP_753164.1|	66.33	98	33	0	2	295	485	582	2e-33	 145
GSTQT8304D4C16	gi|110640508|ref|YP_668236.1|	66.33	98	33	0	2	295	485	582	2e-33	 145
GSTQT8304D4C16	gi|168998586|ref|YP_001687854.1|	68.37	98	31	0	2	295	484	581	3e-33	 144
GSTQT8304D4C16	gi|38016720|gb|AAR07741.1|	68.37	98	31	0	2	295	486	583	3e-33	 144
GSTQT8304D4C16	gi|229220624|ref|NP_806383.2|	63.27	98	36	0	2	295	484	581	5e-33	 144
GSTQT8304D4C16	gi|229037907|ref|YP_217695.2|	63.27	98	36	0	2	295	484	581	5e-33	 144
GSTQT8304D4C16	gi|228960703|ref|NP_461704.2|	63.27	98	36	0	2	295	484	581	5e-33	 144
GSTQT8304D4C16	gi|261247918|emb|CBG25751.1|	63.27	98	36	0	2	295	486	583	5e-33	 144
GSTQT8304D4C16	gi|213026483|ref|ZP_03340930.1|	63.27	98	36	0	2	295	7	104	5e-33	 144
GSTQT8304D4C16	gi|207858047|ref|YP_002244698.1|	63.27	98	36	0	2	295	486	583	5e-33	 144
GSTQT8304D4C16	gi|205357279|ref|ZP_02346482.2|	63.27	98	36	0	2	295	484	581	5e-33	 144
GSTQT8304D4C16	gi|205353733|ref|YP_002227534.1|	63.27	98	36	0	2	295	486	583	5e-33	 144
GSTQT8304D4C16	gi|197264841|ref|ZP_03164915.1|	63.27	98	36	0	2	295	484	581	5e-33	 144
GSTQT8304D4C16	gi|194736057|ref|YP_002115731.1|	63.27	98	36	0	2	295	484	581	5e-33	 144
GSTQT8304D4C16	gi|194445596|ref|YP_002042018.1|	63.27	98	36	0	2	295	484	581	5e-33	 144
GSTQT8304D4C16	gi|198245257|ref|YP_002216750.1|	63.27	98	36	0	2	295	484	581	5e-33	 144
GSTQT8304D4C16	gi|238895531|ref|YP_002920266.1|	66.33	98	33	0	2	295	484	581	5e-33	 144
GSTQT8304D4C16	gi|2738252|gb|AAC46183.1|	63.27	98	36	0	2	295	487	584	5e-33	 144
GSTQT8304D4C16	gi|56414735|ref|YP_151810.1|	63.27	98	36	0	2	295	484	581	5e-33	 144
GSTQT8304D4C16	gi|20196197|gb|AAK33133.1|	63.27	98	36	0	2	295	486	583	5e-33	 144
GSTQT8304D4C16	gi|16421325|gb|AAL21663.1|	63.27	98	36	0	2	295	486	583	5e-33	 144
GSTQT8304D4C16	gi|213163768|ref|ZP_03349478.1|	63.27	98	36	0	2	295	486	583	5e-33	 144
GSTQT8304D4C16	gi|205360515|ref|ZP_02684096.2|	63.27	98	36	0	2	295	484	581	7e-33	 143
GSTQT8304D4C16	gi|205360194|ref|ZP_02835182.2|	63.27	98	36	0	2	295	484	581	7e-33	 143
GSTQT8304D4C16	gi|204929583|ref|ZP_03220657.1|	63.27	98	36	0	2	295	484	581	7e-33	 143
GSTQT8304D4C16	gi|197250663|ref|YP_002147673.1|	63.27	98	36	0	2	295	484	581	7e-33	 143
GSTQT8304D4C16	gi|194471128|ref|ZP_03077112.1|	63.27	98	36	0	2	295	484	581	7e-33	 143
GSTQT8304D4C16	gi|194450149|ref|YP_002046735.1|	63.27	98	36	0	2	295	484	581	7e-33	 143
GSTQT8304D4C16	gi|161615663|ref|YP_001589628.1|	63.27	98	36	0	2	295	484	581	7e-33	 143
GSTQT8304D4C16	gi|227114554|ref|ZP_03828210.1|	68.32	101	29	1	2	295	485	585	3e-32	 141
GSTQT8304D4C16	gi|224584556|ref|YP_002638354.1|	62.24	98	37	0	2	295	486	583	3e-32	 141
GSTQT8304D4C16	gi|213422263|ref|ZP_03355329.1|	63.54	96	35	0	2	289	18	113	3e-32	 141
GSTQT8304D4C16	gi|152989023|ref|YP_001349927.1|	64.65	99	35	0	2	298	501	599	3e-32	 141
GSTQT8304D4C16	gi|313105815|ref|ZP_07792078.1|	64.65	99	35	0	2	298	501	599	8e-32	 140
GSTQT8304D4C16	gi|296390715|ref|ZP_06880190.1|	64.65	99	35	0	2	298	501	599	8e-32	 140
GSTQT8304D4C16	gi|2981053|gb|AAC06224.1|	64.65	99	35	0	2	298	501	599	8e-32	 140
GSTQT8304D4C16	gi|15596128|ref|NP_249622.1|	64.65	99	35	0	2	298	501	599	8e-32	 140
GSTQT8304D4C16	gi|107100387|ref|ZP_01364305.1|	64.65	99	35	0	2	298	501	599	8e-32	 140
GSTQT8304D4C16	gi|261821122|ref|YP_003259228.1|	66.34	101	31	1	2	295	460	560	1e-31	 139
GSTQT8304D4C16	gi|161502177|ref|YP_001569289.1|	63.00	100	35	1	2	295	486	585	2e-31	 138
GSTQT8304D4C16	gi|253687842|ref|YP_003017032.1|	66.34	101	31	1	2	295	497	597	3e-31	 138
GSTQT8304D4C16	gi|218534588|ref|YP_002401118.1|	65.31	98	34	1	2	295	485	577	4e-31	 137
GSTQT8304D4C16	gi|262368792|ref|ZP_06062121.1|	58.65	104	38	2	2	298	494	597	3e-27	 125
GSTQT8304D4C16	gi|317052984|ref|YP_004119338.1|	56.19	105	39	2	2	295	518	621	5e-26	 120
GSTQT8304D4C16	gi|300718591|ref|YP_003743394.1|	57.00	100	42	2	2	298	484	581	5e-25	 117
GSTQT8304D4C16	gi|157371667|ref|YP_001479656.1|	53.54	99	46	0	2	298	504	602	7e-25	 117
GSTQT8304D4C16	gi|289810424|ref|ZP_06541053.1|	62.50	80	30	0	2	241	158	237	2e-24	 115
GSTQT8304D4C16	gi|170767684|ref|ZP_02902137.1|	54.55	99	45	1	2	298	502	598	3e-24	 114
GSTQT8304D4C16	gi|170680124|ref|YP_001742700.1|	54.55	99	45	1	2	298	494	590	3e-24	 114
GSTQT8304D4C16	gi|33597083|ref|NP_884726.1|	55.00	100	44	1	2	298	493	592	4e-24	 114
GSTQT8304D4C16	gi|270262938|ref|ZP_06191209.1|	51.52	99	48	0	2	298	504	602	6e-24	 114
GSTQT8304D4C16	gi|163857833|ref|YP_001632131.1|	55.00	100	44	1	2	298	495	594	6e-24	 114
GSTQT8304D4C16	gi|312964375|ref|ZP_07778669.1|	54.55	99	45	1	2	298	494	590	8e-24	 113
GSTQT8304D4C16	gi|309795553|ref|ZP_07689970.1|	54.55	99	45	1	2	298	494	590	8e-24	 113
GSTQT8304D4C16	gi|307336167|ref|ZP_07612279.1|	54.55	99	45	1	2	298	494	590	8e-24	 113
GSTQT8304D4C16	gi|300817903|ref|ZP_07098117.1|	54.55	99	45	1	2	298	494	590	8e-24	 113
GSTQT8304D4C16	gi|300931508|ref|ZP_07146824.1|	54.55	99	45	1	2	298	494	590	8e-24	 113
GSTQT8304D4C16	gi|300939665|ref|ZP_07154317.1|	54.55	99	45	1	2	298	494	590	8e-24	 113
GSTQT8304D4C16	gi|300951072|ref|ZP_07164940.1|	54.55	99	45	1	2	298	494	590	8e-24	 113
GSTQT8304D4C16	gi|301025315|ref|ZP_07188879.1|	54.55	99	45	1	2	298	494	590	8e-24	 113
GSTQT8304D4C16	gi|301049774|ref|ZP_07196716.1|	54.55	99	45	1	2	298	494	590	8e-24	 113
GSTQT8304D4C16	gi|297519663|ref|ZP_06938049.1|	54.55	99	45	1	2	298	340	436	8e-24	 113
GSTQT8304D4C16	gi|293408709|ref|ZP_06652548.1|	54.55	99	45	1	2	298	494	590	8e-24	 113
GSTQT8304D4C16	gi|284822073|gb|ADB98042.1|	54.55	99	45	1	2	298	571	667	8e-24	 113
GSTQT8304D4C16	gi|260853836|ref|YP_003227727.1|	54.55	99	45	1	2	298	494	590	8e-24	 113
GSTQT8304D4C16	gi|229775976|ref|YP_851719.2|	54.55	99	45	1	2	298	494	590	8e-24	 113
GSTQT8304D4C16	gi|229220826|ref|NP_888487.2|	54.00	100	45	1	2	298	493	592	8e-24	 113
GSTQT8304D4C16	gi|227884437|ref|ZP_04002242.1|	54.55	99	45	1	2	298	494	590	8e-24	 113
GSTQT8304D4C16	gi|218703918|ref|YP_002411437.1|	54.55	99	45	1	2	298	494	590	8e-24	 113
GSTQT8304D4C16	gi|218698957|ref|YP_002406586.1|	54.55	99	45	1	2	298	494	590	8e-24	 113
GSTQT8304D4C16	gi|218557524|ref|YP_002390437.1|	54.55	99	45	1	2	298	494	590	8e-24	 113
GSTQT8304D4C16	gi|218549829|ref|YP_002383620.1|	54.55	99	45	1	2	298	494	590	8e-24	 113
GSTQT8304D4C16	gi|170021058|ref|YP_001726012.1|	54.55	99	45	1	2	298	494	590	8e-24	 113
GSTQT8304D4C16	gi|167032878|ref|YP_001668109.1|	53.00	100	46	1	2	298	500	599	8e-24	 113
GSTQT8304D4C16	gi|115511930|gb|ABJ00005.1|	54.55	99	45	1	2	298	514	610	8e-24	 113
GSTQT8304D4C16	gi|187478349|ref|YP_786373.1|	54.00	100	45	1	2	298	491	590	8e-24	 113
GSTQT8304D4C16	gi|110640814|ref|YP_668542.1|	54.55	99	45	1	2	298	497	593	8e-24	 113
GSTQT8304D4C16	gi|145942|gb|AAA65994.1|	54.55	99	45	1	2	298	493	589	8e-24	 113
GSTQT8304D4C16	gi|1778500|gb|AAB40783.1|	54.55	99	45	1	2	298	514	610	8e-24	 113
GSTQT8304EDIBQ	gi|298376666|ref|ZP_06986621.1|	100.00	53	0	0	3	161	165	217	7e-26	 110
GSTQT8304EDIBQ	gi|298376666|ref|ZP_06986621.1|	91.67	12	1	0	155	190	216	227	7e-26	30.4
GSTQT8304EDIBQ	gi|256840844|ref|ZP_05546352.1|	100.00	53	0	0	3	161	161	213	7e-26	 110
GSTQT8304EDIBQ	gi|256840844|ref|ZP_05546352.1|	91.67	12	1	0	155	190	212	223	7e-26	30.4
GSTQT8304EDIBQ	gi|150007982|ref|YP_001302725.1|	100.00	53	0	0	3	161	161	213	7e-26	 110
GSTQT8304EDIBQ	gi|150007982|ref|YP_001302725.1|	91.67	12	1	0	155	190	212	223	7e-26	30.4
GSTQT8304EDIBQ	gi|255013326|ref|ZP_05285452.1|	98.11	53	1	0	3	161	165	217	2e-25	 109
GSTQT8304EDIBQ	gi|255013326|ref|ZP_05285452.1|	91.67	12	1	0	155	190	216	227	2e-25	30.4
GSTQT8304EDIBQ	gi|301309928|ref|ZP_07215867.1|	96.23	53	2	0	3	161	161	213	4e-22	 107
GSTQT8304EDIBQ	gi|224538133|ref|ZP_03678672.1|	73.47	49	13	0	15	161	170	218	6e-16	83.6
GSTQT8304EDIBQ	gi|224538133|ref|ZP_03678672.1|	66.67	12	4	0	155	190	217	228	6e-16	24.3
GSTQT8304EDIBQ	gi|282879760|ref|ZP_06288490.1|	58.82	51	21	0	15	167	166	216	2e-10	69.3
GSTQT8304EDIBQ	gi|282876924|ref|ZP_06285776.1|	58.82	51	21	0	15	167	166	216	2e-10	68.9
