GSTQT8304D5F9U	gi|300928784|ref|ZP_07144298.1|	96.67	30	1	0	91	2	1	30	1e-07	60.1
GSTQT8304D5F9U	gi|300990666|ref|ZP_07179265.1|	59.57	47	19	1	182	42	55	100	2e-04	48.9
GSTQT8304D5F9U	gi|227887856|ref|ZP_04005661.1|	59.57	47	19	1	182	42	20	65	2e-04	48.9
GSTQT8304D5F9U	gi|288550448|ref|ZP_05970439.2|	73.33	30	8	0	91	2	1	30	4e-04	48.1
GSTQT8304D5F9U	gi|301021970|ref|ZP_07185928.1|	59.57	47	19	1	182	42	48	93	0.001	46.6
GSTQT8304D5F9U	gi|300947437|ref|ZP_07161626.1|	59.57	47	19	1	182	42	6	51	0.002	45.4
GSTQT8304D5F9U	gi|300925443|ref|ZP_07141324.1|	59.57	47	19	1	182	42	6	51	0.002	45.4
GSTQT8304D5F9U	gi|300905715|ref|ZP_07123451.1|	59.57	47	19	1	182	42	48	93	0.002	45.4
GSTQT8304D5F9U	gi|237706115|ref|ZP_04536596.1|	57.45	47	20	1	182	42	55	100	0.003	45.1
GSTQT8304D5F9U	gi|291086520|ref|ZP_06356060.2|	80.00	25	5	0	76	2	1	25	0.009	43.5
GSTQT8304D5F9U	gi|300938038|ref|ZP_07152817.1|	57.45	47	20	1	182	42	48	93	0.016	42.7
GSTQT8304D5F9U	gi|300897886|ref|ZP_07116269.1|	57.45	47	20	1	182	42	48	93	0.016	42.7
GSTQT8304D5F9U	gi|291086521|ref|ZP_06571553.1|	58.82	34	14	0	143	42	40	73	0.10	40.0
GSTQT8304D5F9U	gi|118348866|ref|XP_001007906.1|	34.62	52	32	1	154	5	1617	1668	7.5	33.9
