GSTQT8304EC5J2	gi|315297299|gb|EFU56579.1|	100.00	36	0	0	1	108	415	450	2e-12	75.5
GSTQT8304EC5J2	gi|315288623|gb|EFU48021.1|	100.00	36	0	0	1	108	415	450	2e-12	75.5
GSTQT8304EC5J2	gi|312966461|ref|ZP_07780683.1|	100.00	36	0	0	1	108	382	417	2e-12	75.5
GSTQT8304EC5J2	gi|309789144|ref|ZP_07683737.1|	100.00	36	0	0	1	108	263	298	2e-12	75.5
GSTQT8304EC5J2	gi|307559833|ref|ZP_07623600.1|	100.00	36	0	0	1	108	441	476	2e-12	75.5
GSTQT8304EC5J2	gi|307235382|ref|ZP_07521793.1|	100.00	36	0	0	1	108	429	464	2e-12	75.5
GSTQT8304EC5J2	gi|307230652|ref|ZP_07517063.1|	100.00	36	0	0	1	108	441	476	2e-12	75.5
GSTQT8304EC5J2	gi|307225529|ref|ZP_07511940.1|	100.00	36	0	0	1	108	429	464	2e-12	75.5
GSTQT8304EC5J2	gi|307143333|ref|ZP_07501765.1|	100.00	36	0	0	1	108	429	464	2e-12	75.5
GSTQT8304EC5J2	gi|300821007|ref|ZP_07101156.1|	100.00	36	0	0	1	108	415	450	2e-12	75.5
GSTQT8304EC5J2	gi|300939543|ref|ZP_07154200.1|	100.00	36	0	0	1	108	415	450	2e-12	75.5
GSTQT8304EC5J2	gi|300906869|ref|ZP_07124545.1|	100.00	36	0	0	1	108	415	450	2e-12	75.5
GSTQT8304EC5J2	gi|301025349|ref|ZP_07188908.1|	100.00	36	0	0	1	108	441	476	2e-12	75.5
GSTQT8304EC5J2	gi|300899751|ref|ZP_07117974.1|	100.00	36	0	0	1	108	441	476	2e-12	75.5
GSTQT8304EC5J2	gi|300971872|ref|ZP_07171674.1|	100.00	36	0	0	1	108	415	450	2e-12	75.5
GSTQT8304EC5J2	gi|293409607|ref|ZP_06653183.1|	100.00	36	0	0	1	108	415	450	2e-12	75.5
GSTQT8304EC5J2	gi|293414497|ref|ZP_06657146.1|	100.00	36	0	0	1	108	441	476	2e-12	75.5
GSTQT8304EC5J2	gi|293404763|ref|ZP_06648755.1|	100.00	36	0	0	1	108	429	464	2e-12	75.5
GSTQT8304EC5J2	gi|284921034|emb|CBG34099.1|	100.00	36	0	0	1	108	429	464	2e-12	75.5
GSTQT8304EC5J2	gi|281600644|gb|ADA73628.1|	100.00	36	0	0	1	108	429	464	2e-12	75.5
GSTQT8304EC5J2	gi|281178407|dbj|BAI54737.1|	100.00	36	0	0	1	108	382	417	2e-12	75.5
GSTQT8304EC5J2	gi|222873266|gb|EEF10397.1|	100.00	36	0	0	1	108	292	327	2e-12	75.5
GSTQT8304EC5J2	gi|218704744|ref|YP_002412263.1|	100.00	36	0	0	1	108	382	417	2e-12	75.5
GSTQT8304EC5J2	gi|218689168|ref|YP_002397380.1|	100.00	36	0	0	1	108	382	417	2e-12	75.5
GSTQT8304EC5J2	gi|218699929|ref|YP_002407558.1|	100.00	36	0	0	1	108	382	417	2e-12	75.5
GSTQT8304EC5J2	gi|218558150|ref|YP_002391063.1|	100.00	36	0	0	1	108	382	417	2e-12	75.5
GSTQT8304EC5J2	gi|218553775|ref|YP_002386688.1|	100.00	36	0	0	1	108	382	417	2e-12	75.5
GSTQT8304EC5J2	gi|218549088|ref|YP_002382879.1|	100.00	36	0	0	1	108	382	417	2e-12	75.5
GSTQT8304EC5J2	gi|215486453|ref|YP_002328884.1|	100.00	36	0	0	1	108	429	464	2e-12	75.5
GSTQT8304EC5J2	gi|209918464|ref|YP_002292548.1|	100.00	36	0	0	1	108	382	417	2e-12	75.5
GSTQT8304EC5J2	gi|195939110|ref|ZP_03084492.1|	100.00	36	0	0	1	108	429	464	2e-12	75.5
GSTQT8304EC5J2	gi|191166683|ref|ZP_03028511.1|	100.00	36	0	0	1	108	429	464	2e-12	75.5
GSTQT8304EC5J2	gi|187776330|ref|ZP_02801893.2|	100.00	36	0	0	1	108	441	476	2e-12	75.5
GSTQT8304EC5J2	gi|187730867|ref|YP_001880003.1|	100.00	36	0	0	1	108	429	464	2e-12	75.5
GSTQT8304EC5J2	gi|170683203|ref|YP_001743972.1|	100.00	36	0	0	1	108	429	464	2e-12	75.5
GSTQT8304EC5J2	gi|157155078|ref|YP_001462475.1|	100.00	36	0	0	1	108	429	464	2e-12	75.5
GSTQT8304EC5J2	gi|157160729|ref|YP_001458047.1|	100.00	36	0	0	1	108	429	464	2e-12	75.5
GSTQT8304EC5J2	gi|145698248|ref|NP_415738.2|	100.00	36	0	0	1	108	429	464	2e-12	75.5
GSTQT8304EC5J2	gi|117623438|ref|YP_852351.1|	100.00	36	0	0	1	108	382	417	2e-12	75.5
GSTQT8304EC5J2	gi|110641451|ref|YP_669181.1|	100.00	36	0	0	1	108	429	464	2e-12	75.5
GSTQT8304EC5J2	gi|91210443|ref|YP_540429.1|	100.00	36	0	0	1	108	429	464	2e-12	75.5
GSTQT8304EC5J2	gi|309794313|ref|ZP_07688737.1|	100.00	36	0	0	1	108	415	450	2e-12	75.5
GSTQT8304EC5J2	gi|300951975|ref|ZP_07165775.1|	100.00	36	0	0	1	108	415	450	2e-12	75.5
GSTQT8304EC5J2	gi|300995956|ref|ZP_07181318.1|	100.00	36	0	0	1	108	415	450	2e-12	75.5
GSTQT8304EC5J2	gi|293433536|ref|ZP_06661964.1|	100.00	36	0	0	1	108	415	450	2e-12	75.5
GSTQT8304EC5J2	gi|56479857|ref|NP_707129.2|	100.00	36	0	0	1	108	382	417	2e-12	75.5
GSTQT8304EC5J2	gi|82544325|ref|YP_408272.1|	100.00	36	0	0	1	108	382	417	2e-12	75.5
GSTQT8304EC5J2	gi|74312440|ref|YP_310859.1|	100.00	36	0	0	1	108	382	417	2e-12	75.5
GSTQT8304EC5J2	gi|30062744|ref|NP_836915.1|	100.00	36	0	0	1	108	382	417	2e-12	75.5
GSTQT8304EC5J2	gi|26247545|ref|NP_753585.1|	100.00	36	0	0	1	108	429	464	2e-12	75.5
GSTQT8304EC5J2	gi|15801451|ref|NP_287468.1|	100.00	36	0	0	1	108	382	417	2e-12	75.5
GSTQT8304EC5J2	gi|89108068|ref|AP_001848.1|	100.00	36	0	0	1	108	382	417	2e-12	75.5
GSTQT8304EC5J2	gi|193064812|ref|ZP_03045889.1|	100.00	36	0	0	1	108	419	454	2e-12	75.5
GSTQT8304EC5J2	gi|170020410|ref|YP_001725364.1|	100.00	36	0	0	1	108	441	476	2e-12	75.5
GSTQT8304EC5J2	gi|306813757|ref|ZP_07447935.1|	97.22	36	1	0	1	108	429	464	5e-12	74.3
GSTQT8304EC5J2	gi|194434271|ref|ZP_03066537.1|	97.22	36	1	0	1	108	441	476	5e-12	74.3
GSTQT8304EC5J2	gi|307348714|ref|ZP_07618319.1|	100.00	35	0	0	1	105	441	475	1e-11	72.8
GSTQT8304EC5J2	gi|283785484|ref|YP_003365349.1|	69.23	39	12	0	1	117	382	420	5e-06	54.3
GSTQT8304EC5J2	gi|157145552|ref|YP_001452871.1|	68.57	35	11	0	1	105	415	449	3e-05	52.0
GSTQT8304EC5J2	gi|308065964|ref|NP_460724.2|	61.54	39	15	0	1	117	421	459	5e-05	51.2
GSTQT8304EC5J2	gi|238913668|ref|ZP_04657505.1|	61.54	39	15	0	1	117	470	508	5e-05	51.2
GSTQT8304EC5J2	gi|289805726|ref|ZP_06536355.1|	61.54	39	15	0	1	117	89	127	5e-05	51.2
GSTQT8304EC5J2	gi|224583742|ref|YP_002637540.1|	61.54	39	15	0	1	117	470	508	5e-05	51.2
GSTQT8304EC5J2	gi|213622049|ref|ZP_03374832.1|	61.54	39	15	0	1	117	244	282	5e-05	51.2
GSTQT8304EC5J2	gi|213420859|ref|ZP_03353925.1|	61.54	39	15	0	1	117	288	326	5e-05	51.2
GSTQT8304EC5J2	gi|213023862|ref|ZP_03338309.1|	61.54	39	15	0	1	117	23	61	5e-05	51.2
GSTQT8304EC5J2	gi|168820505|ref|ZP_02832505.1|	61.54	39	15	0	1	117	435	473	5e-05	51.2
GSTQT8304EC5J2	gi|168462756|ref|ZP_02696687.1|	61.54	39	15	0	1	117	470	508	5e-05	51.2
GSTQT8304EC5J2	gi|168260008|ref|ZP_02681981.1|	61.54	39	15	0	1	117	435	473	5e-05	51.2
GSTQT8304EC5J2	gi|194442889|ref|YP_002041018.1|	61.54	39	15	0	1	117	470	508	5e-05	51.2
GSTQT8304EC5J2	gi|204927680|ref|ZP_03218881.1|	61.54	39	15	0	1	117	435	473	5e-05	51.2
GSTQT8304EC5J2	gi|197249922|ref|YP_002146262.1|	61.54	39	15	0	1	117	435	473	5e-05	51.2
GSTQT8304EC5J2	gi|168237821|ref|ZP_02662879.1|	61.54	39	15	0	1	117	435	473	5e-05	51.2
GSTQT8304EC5J2	gi|168233798|ref|ZP_02658856.1|	61.54	39	15	0	1	117	470	508	5e-05	51.2
GSTQT8304EC5J2	gi|197265594|ref|ZP_03165668.1|	61.54	39	15	0	1	117	435	473	5e-05	51.2
GSTQT8304EC5J2	gi|161613738|ref|YP_001587703.1|	61.54	39	15	0	1	117	435	473	5e-05	51.2
GSTQT8304EC5J2	gi|62180332|ref|YP_216749.1|	61.54	39	15	0	1	117	470	508	5e-05	51.2
GSTQT8304EC5J2	gi|56413310|ref|YP_150385.1|	61.54	39	15	0	1	117	435	473	5e-05	51.2
GSTQT8304EC5J2	gi|167993210|ref|ZP_02574305.1|	61.54	39	15	0	1	117	435	473	5e-05	51.2
GSTQT8304EC5J2	gi|16760118|ref|NP_455735.1|	61.54	39	15	0	1	117	470	508	5e-05	51.2
GSTQT8304EC5J2	gi|161503120|ref|YP_001570232.1|	61.54	39	15	0	1	117	421	459	8e-05	50.4
GSTQT8304EC5J2	gi|296101979|ref|YP_003612125.1|	67.65	34	11	0	4	105	402	435	1e-04	50.1
GSTQT8304EC5J2	gi|205352564|ref|YP_002226365.1|	58.97	39	16	0	1	117	435	473	3e-04	48.5
GSTQT8304EC5J2	gi|198246213|ref|YP_002215377.1|	58.97	39	16	0	1	117	435	473	3e-04	48.5
GSTQT8304EC5J2	gi|261340134|ref|ZP_05967992.1|	60.00	35	14	0	1	105	429	463	7e-04	47.4
GSTQT8304EC5J2	gi|237731761|ref|ZP_04562242.1|	69.70	33	10	0	1	99	442	474	9e-04	47.0
GSTQT8304EC5J2	gi|283832868|ref|ZP_06352609.1|	67.74	31	10	0	1	93	429	459	0.009	43.5
GSTQT8304EC5J2	gi|146311965|ref|YP_001177039.1|	67.74	31	10	0	1	93	429	459	0.012	43.1
GSTQT8304EC5J2	gi|213584251|ref|ZP_03366077.1|	57.58	33	14	0	19	117	1	33	0.021	42.4
GSTQT8304EC5J2	gi|290508981|ref|ZP_06548352.1|	58.82	34	14	0	1	102	423	456	0.036	41.6
GSTQT8304EC5J2	gi|288934837|ref|YP_003438896.1|	58.82	34	14	0	1	102	423	456	0.036	41.6
GSTQT8304EC5J2	gi|206579033|ref|YP_002237928.1|	58.82	34	14	0	1	102	421	454	0.036	41.6
GSTQT8304EC5J2	gi|152970765|ref|YP_001335874.1|	58.82	34	14	0	1	102	423	456	0.036	41.6
GSTQT8304EC5J2	gi|156933694|ref|YP_001437610.1|	57.14	35	15	0	1	105	431	465	0.14	39.7
GSTQT8304EC5J2	gi|260598198|ref|YP_003210769.1|	57.14	35	15	0	1	105	401	435	0.18	39.3
GSTQT8304EC5J2	gi|311279363|ref|YP_003941594.1|	55.56	45	20	1	249	115	173	216	0.88	37.0
GSTQT8304EC5J2	gi|300821006|ref|ZP_07101155.1|	55.56	45	20	1	249	115	173	216	0.88	37.0
GSTQT8304EC5J2	gi|297518822|ref|ZP_06937208.1|	55.56	45	20	1	249	115	49	92	0.88	37.0
GSTQT8304EC5J2	gi|283832869|ref|ZP_06352610.1|	55.56	45	20	1	249	115	173	216	0.88	37.0
GSTQT8304EC5J2	gi|283785483|ref|YP_003365348.1|	55.56	45	20	1	249	115	173	216	0.88	37.0
