GSTQT8304EJ7JO	gi|301309775|ref|ZP_07215714.1|	66.67	57	19	0	173	3	112	168	4e-13	78.2
GSTQT8304EJ7JO	gi|298376455|ref|ZP_06986410.1|	66.67	57	19	0	173	3	112	168	4e-13	78.2
GSTQT8304EJ7JO	gi|262381305|ref|ZP_06074443.1|	66.67	57	19	0	173	3	112	168	4e-13	78.2
GSTQT8304EJ7JO	gi|256840701|ref|ZP_05546209.1|	66.67	57	19	0	173	3	112	168	4e-13	78.2
GSTQT8304EJ7JO	gi|255014966|ref|ZP_05287092.1|	66.67	57	19	0	173	3	112	168	4e-13	78.2
GSTQT8304EJ7JO	gi|150008120|ref|YP_001302863.1|	64.91	57	20	0	173	3	112	168	1e-12	76.3
GSTQT8304EJ7JO	gi|297159609|gb|ADI09321.1|	35.48	62	38	1	6	185	40	101	1.5	36.2
GSTQT8304EJ7JO	gi|294630905|ref|ZP_06709465.1|	35.48	62	38	1	6	185	39	100	1.5	36.2
GSTQT8304EJ7JO	gi|290958139|ref|YP_003489321.1|	35.48	62	38	1	6	185	39	100	1.5	36.2
GSTQT8304EJ7JO	gi|302558982|ref|ZP_07311324.1|	35.48	62	38	1	6	185	39	100	1.5	36.2
GSTQT8304EJ7JO	gi|239980044|ref|ZP_04702568.1|	35.48	62	38	1	6	185	39	100	1.5	36.2
GSTQT8304EJ7JO	gi|239929502|ref|ZP_04686455.1|	35.48	62	38	1	6	185	39	100	1.5	36.2
GSTQT8304EJ7JO	gi|21223094|ref|NP_628873.1|	35.48	62	38	1	6	185	39	100	1.5	36.2
GSTQT8304EJ7JO	gi|302553554|ref|ZP_07305896.1|	35.48	62	38	1	6	185	39	100	2.0	35.8
GSTQT8304EJ7JO	gi|302543349|ref|ZP_07295691.1|	35.59	59	36	1	15	185	43	101	2.0	35.8
GSTQT8304EJ7JO	gi|297201741|ref|ZP_06919138.1|	35.48	62	38	1	6	185	39	100	2.0	35.8
GSTQT8304EJ7JO	gi|254391381|ref|ZP_05006584.1|	35.48	62	38	1	6	185	39	100	2.0	35.8
GSTQT8304EJ7JO	gi|29831481|ref|NP_826115.1|	35.48	62	38	1	6	185	39	100	2.0	35.8
GSTQT8304EJ7JO	gi|307328042|ref|ZP_07607223.1|	35.59	59	36	1	15	185	43	101	2.6	35.4
GSTQT8304EJ7JO	gi|302536263|ref|ZP_07288605.1|	35.48	62	38	1	6	185	38	99	3.5	35.0
GSTQT8304EJ7JO	gi|282860822|ref|ZP_06269888.1|	33.87	62	39	1	6	185	39	100	4.5	34.7
GSTQT8304EJ7JO	gi|239943589|ref|ZP_04695526.1|	33.87	62	39	1	6	185	39	100	4.5	34.7
GSTQT8304EJ7JO	gi|226305353|ref|YP_002765311.1|	33.90	59	37	1	15	185	45	103	4.5	34.7
GSTQT8304EJ7JO	gi|297192691|ref|ZP_06910089.1|	33.87	62	39	1	6	185	39	100	4.5	34.7
GSTQT8304EJ7JO	gi|295838416|ref|ZP_06825349.1|	33.87	62	39	1	6	185	39	100	4.5	34.7
GSTQT8304EJ7JO	gi|254383160|ref|ZP_04998514.1|	35.48	62	38	1	6	185	38	99	4.5	34.7
GSTQT8304EJ7JO	gi|147676667|ref|YP_001210882.1|	33.33	51	32	1	39	185	47	97	4.5	34.7
GSTQT8304EJ7JO	gi|260453636|ref|ZP_05802040.1|	33.87	62	39	1	6	185	39	100	5.9	34.3
GSTQT8304EJ7JO	gi|182436615|ref|YP_001824334.1|	33.87	62	39	1	6	185	39	100	5.9	34.3
GSTQT8304EJ7JO	gi|83591264|ref|YP_431273.1|	32.26	62	40	1	6	185	34	95	5.9	34.3
