GSTQT8304ENQ97	gi|150009307|ref|YP_001304050.1|	97.98	99	2	0	297	1	56	154	1e-51	 206
GSTQT8304ENQ97	gi|255009269|ref|ZP_05281395.1|	60.82	97	38	0	297	7	62	158	4e-31	 137
GSTQT8304ENQ97	gi|253565490|ref|ZP_04842945.1|	60.82	97	38	0	297	7	62	158	4e-31	 137
GSTQT8304ENQ97	gi|301163286|emb|CBW22836.1|	60.82	97	38	0	297	7	66	162	8e-31	 136
GSTQT8304ENQ97	gi|265763769|ref|ZP_06092337.1|	60.82	97	38	0	297	7	62	158	8e-31	 136
GSTQT8304ENQ97	gi|53713500|ref|YP_099492.1|	60.82	97	38	0	297	7	66	162	8e-31	 136
GSTQT8304ENQ97	gi|60681743|ref|YP_211887.1|	59.79	97	39	0	297	7	66	162	2e-30	 135
GSTQT8304ENQ97	gi|294775479|ref|ZP_06740992.1|	60.82	97	38	0	294	4	59	155	1e-28	 129
GSTQT8304ENQ97	gi|254881536|ref|ZP_05254246.1|	60.82	97	38	0	294	4	59	155	1e-28	 129
GSTQT8304ENQ97	gi|150006562|ref|YP_001301306.1|	60.82	97	38	0	294	4	59	155	1e-28	 129
GSTQT8304ENQ97	gi|313147230|ref|ZP_07809423.1|	31.52	92	59	2	294	31	46	137	0.006	44.3
GSTQT8304ENQ97	gi|255009462|ref|ZP_05281588.1|	31.52	92	59	2	294	31	74	165	0.006	44.3
GSTQT8304ENQ97	gi|315918782|ref|ZP_07915022.1|	36.51	63	40	1	219	31	65	126	0.007	43.9
GSTQT8304ENQ97	gi|260170426|ref|ZP_05756838.1|	36.51	63	40	1	219	31	86	147	0.007	43.9
GSTQT8304ENQ97	gi|29346472|ref|NP_809975.1|	34.92	63	41	1	219	31	86	147	0.007	43.9
GSTQT8304ENQ97	gi|265766222|ref|ZP_06094263.1|	32.61	92	58	2	294	31	74	165	0.021	42.4
GSTQT8304ENQ97	gi|253564802|ref|ZP_04842258.1|	32.61	92	58	2	294	31	74	165	0.021	42.4
GSTQT8304ENQ97	gi|225734241|pdb|3GF8|A	34.92	63	41	1	219	31	65	126	0.021	42.4
GSTQT8304ENQ97	gi|60682341|ref|YP_212485.1|	32.61	92	58	2	294	31	74	165	0.021	42.4
GSTQT8304ENQ97	gi|53714286|ref|YP_100278.1|	32.61	92	58	2	294	31	74	165	0.021	42.4
GSTQT8304ENQ97	gi|313886838|ref|ZP_07820543.1|	24.74	97	63	3	264	4	61	157	0.036	41.6
GSTQT8304ENQ97	gi|53713416|ref|YP_099408.1|	27.37	95	63	3	297	31	54	148	0.048	41.2
GSTQT8304ENQ97	gi|301163207|emb|CBW22757.1|	26.32	95	64	3	297	31	54	148	0.11	40.0
GSTQT8304ENQ97	gi|301309146|ref|ZP_07215090.1|	28.89	90	63	3	297	31	59	146	0.11	40.0
GSTQT8304ENQ97	gi|300769963|ref|ZP_07079842.1|	24.21	95	70	2	294	16	70	162	0.14	39.7
GSTQT8304ENQ97	gi|60681664|ref|YP_211808.1|	27.37	95	63	3	297	31	54	148	0.14	39.7
GSTQT8304ENQ97	gi|253565404|ref|ZP_04842859.1|	27.37	95	63	3	297	31	54	148	0.24	38.9
GSTQT8304ENQ97	gi|227538406|ref|ZP_03968455.1|	24.21	95	70	2	294	16	74	166	0.24	38.9
GSTQT8304ENQ97	gi|262384524|ref|ZP_06077658.1|	27.78	90	64	3	297	31	33	120	0.31	38.5
GSTQT8304ENQ97	gi|255008995|ref|ZP_05281121.1|	25.26	95	65	3	297	31	54	148	0.69	37.4
GSTQT8304ENQ97	gi|218264161|ref|ZP_03478045.1|	29.03	93	66	3	294	16	3	92	1.5	36.2
GSTQT8304ENQ97	gi|319901751|ref|YP_004161479.1|	26.00	50	37	0	216	67	93	142	2.0	35.8
GSTQT8304ENQ97	gi|298387914|ref|ZP_06997463.1|	19.79	96	76	1	294	10	55	150	2.0	35.8
GSTQT8304ENQ97	gi|218259927|ref|ZP_03475442.1|	25.00	92	69	1	291	16	60	150	2.0	35.8
GSTQT8304ENQ97	gi|160883573|ref|ZP_02064576.1|	26.67	75	54	2	297	76	13	86	2.0	35.8
GSTQT8304ENQ97	gi|299147621|ref|ZP_07040685.1|	24.32	74	55	2	297	79	13	85	2.6	35.4
GSTQT8304ENQ97	gi|293371792|ref|ZP_06618202.1|	24.32	74	55	2	297	79	63	135	2.6	35.4
GSTQT8304ENQ97	gi|300813774|ref|ZP_07094084.1|	30.91	55	38	0	111	275	221	275	3.4	35.0
GSTQT8304ENQ97	gi|282882410|ref|ZP_06291037.1|	30.91	55	38	0	111	275	221	275	3.4	35.0
GSTQT8304ENQ97	gi|218260119|ref|ZP_03475549.1|	23.96	96	73	2	291	4	35	128	3.4	35.0
GSTQT8304ENQ97	gi|153809182|ref|ZP_01961850.1|	21.84	87	67	1	261	4	66	152	3.4	35.0
GSTQT8304ENQ97	gi|118590609|ref|ZP_01548010.1|	34.21	76	43	3	231	25	176	250	4.5	34.7
GSTQT8304ENQ97	gi|260172422|ref|ZP_05758834.1|	19.54	87	69	1	261	4	66	152	5.8	34.3
GSTQT8304ENQ97	gi|160883907|ref|ZP_02064910.1|	19.54	87	69	1	261	4	66	152	5.8	34.3
GSTQT8304ENQ97	gi|265752964|ref|ZP_06088533.1|	27.91	43	30	1	225	100	90	132	9.9	33.5
GSTQT8304ENQ97	gi|237711537|ref|ZP_04542018.1|	27.91	43	30	1	225	100	90	132	9.9	33.5
GSTQT8304ENQ97	gi|212692184|ref|ZP_03300312.1|	27.91	43	30	1	225	100	90	132	9.9	33.5
